[{"id": 0, "img_name": "rgb-0000.png", "width": 1920, "height": 1080, "position": [0.5000001304226852, -2.016025139649713, 1.4918587419315716], "rotation": [[-0.9999999999999961, 4.3711319219308734e-08, -7.571043751899996e-08], [-9.040437177235723e-14, 0.8660254923097984, 0.4999998466695479], [8.74228218327602e-08, 0.49999984666954606, -0.8660254923097951]], "fy": 286.21496106152705, "fx": 592.6748388322128}, {"id": 1, "img_name": "rgb-0001.png", "width": 1920, "height": 1080, "position": [0.5036856690129062, -2.015589453056601, 1.494435728104763], "rotation": [[-0.999998476781131, 4.356818538181028e-08, -0.0017454040838538129], [-0.0008726648255989745, 0.8660252335096028, 0.49999953338052244], [0.0015115857633604735, 0.5000002949245492, -0.8660239143256057]], "fy": 286.21496106152705, "fx": 592.6748388322128}, {"id": 2, "img_name": "rgb-0002.png", "width": 1920, "height": 1080, "position": [0.5073787290386689, -2.0151467036046244, 1.49699847526593], "rotation": [[-0.9999939073900336, 4.504859875694068e-08, -0.003490728120468666], [-0.0017453276414929359, 0.8660249747099669, 0.499997697004721], [0.0030230802564438788, 0.5000007431780467, -0.8660196982789503]], "fy": 286.21496106152705, "fx": 592.6748388322128}, {"id": 3, "img_name": "rgb-0003.png", "width": 1920, "height": 1080, "position": [0.5110813596695715, -2.014702245394074, 1.4995691720632214], "rotation": [[-0.9999862918335958, 4.289239340681815e-08, -0.005236042865791657], [-0.00261798176581967, 0.866025681835363, 0.49999266451925883], [0.004534569038848475, 0.4999995184013605, -0.8660138100989148]], "fy": 286.21496106152705, "fx": 592.6748388322128}, {"id": 4, "img_name": "rgb-0004.png", "width": 1920, "height": 1080, "position": [0.5147925062979546, -2.014256379207732, 1.502132664766474], "rotation": [[-0.9999756302075138, 3.8637264992645013e-08, -0.00698133161252606], [-0.0034906266927859746, 0.8660258713171424, 0.49998700556582054], [0.006046033110822218, 0.499999190208727, -0.8660047663115025]], "fy": 286.21496106152705, "fx": 592.6748388322128}, {"id": 5, "img_name": "rgb-0005.png", "width": 1920, "height": 1080, "position": [0.5185111301691668, -2.0138063174322585, 1.50467796103971], "rotation": [[-0.9999619223433979, 4.153088140890305e-08, -0.008726618090337097], [-0.004363277748857629, 0.8660250948777162, 0.4999814965069497], [0.007557491024318017, 0.5000005350417546, -0.8659921184903336]], "fy": 286.21496106152705, "fx": 592.6748388322128}, {"id": 6, "img_name": "rgb-0006.png", "width": 1920, "height": 1080, "position": [0.5222393334269849, -2.013352366311125, 1.5072339931447722], "rotation": [[-0.9999451684770337, 3.216582251466106e-08, -0.010471868956202156], [-0.005235895964082014, 0.8660259914570524, 0.49997156670583076], [0.009068926777199978, 0.49999898211979255, -0.8659785057645955]], "fy": 286.21496106152705, "fx": 592.6748388322128}, {"id": 7, "img_name": "rgb-0007.png", "width": 1920, "height": 1080, "position": [0.5259759815686316, -2.0128991271734047, 1.5097799099588851], "rotation": [[-0.9999253687981414, 4.8776106990220353e-08, -0.012217071412502811], [-0.006108487975484134, 0.866025663349814, 0.4999622353680004], [0.010580321760416282, 0.4999995504193098, -0.8659610305157697]], "fy": 286.21496106152705, "fx": 592.6748388322128}, {"id": 8, "img_name": "rgb-0008.png", "width": 1920, "height": 1080, "position": [0.5297200450442513, -2.01243953177349, 1.5123104293469682], "rotation": [[-0.9999025229741768, 5.0827461290937084e-08, -0.013962254469570185], [-0.006981091139019972, 0.8660250763768877, 0.4999518291324821], [0.012091687904685306, 0.5000005670860816, -0.865940658473323]], "fy": 286.21496106152705, "fx": 592.6748388322128}, {"id": 9, "img_name": "rgb-0009.png", "width": 1920, "height": 1080, "position": [0.5334737423048577, -2.0119781196948425, 1.5148487622665363], "rotation": [[-0.9998766311995343, 3.9755103940056366e-08, -0.01570739892753439], [-0.007853663637473645, 0.8660254553027863, 0.49993822691915757], [0.01360302718293664, 0.4999999107675922, -0.8659186144689698]], "fy": 286.21496106152705, "fx": 592.6748388322128}, {"id": 10, "img_name": "rgb-0010.png", "width": 1920, "height": 1080, "position": [0.537235880376796, -2.0115144711192383, 1.5173808078368658], "rotation": [[-0.9998476937673331, 4.6018908654677225e-08, -0.017452486016122645], [-0.008726197970742854, 0.866025575470715, 0.4999235502550287], [0.015114322251443418, 0.49999970263052623, -0.8658936739763519]], "fy": 286.21496106152705, "fx": 592.6748388322128}, {"id": 11, "img_name": "rgb-0011.png", "width": 1920, "height": 1080, "position": [0.5410052929992153, -2.01104444468956, 1.519897405323166], "rotation": [[-0.999815710670141, 5.1656055435494595e-08, -0.019197517994732356], [-0.009598713171944745, 0.8660254368121699, 0.4999077989987084], [0.01662556473036256, 0.4999999427942843, -0.8658658370689473]], "fy": 286.21496106152705, "fx": 592.6748388322128}, {"id": 12, "img_name": "rgb-0012.png", "width": 1920, "height": 1080, "position": [0.5447843300544566, -2.0105754851848077, 1.5224178735488465], "rotation": [[-0.9997806822805918, 3.328364871498202e-08, -0.020942476896334696], [-0.010471213466065821, 0.8660252980304729, 0.49989052487497565], [0.01813673143382518, 0.5000001831711959, -0.8658353629886388]], "fy": 286.21496106152705, "fx": 592.6748388322128}, {"id": 13, "img_name": "rgb-0013.png", "width": 1920, "height": 1080, "position": [0.5485719080443114, -2.0101013073155602, 1.5249358447852495], "rotation": [[-0.9997426072491983, 4.833893882172817e-08, -0.022687424943637974], [-0.011343652434225292, 0.8660258665715728, 0.4998705032089893], [0.019647921010301266, 0.4999991984283118, -0.8658029572431704]], "fy": 286.21496106152705, "fx": 592.6748388322128}, {"id": 14, "img_name": "rgb-0014.png", "width": 1920, "height": 1080, "position": [0.5523667232645452, -2.009623667669842, 1.5274344160222402], "rotation": [[-0.999701486196613, 7.201811345081381e-08, -0.024432324823442493], [-0.012216108246396252, 0.866025210354763, 0.4998510795520012], [0.021159045243009433, 0.5000003350298712, -0.8657666889956097]], "fy": 286.21496106152705, "fx": 592.6748388322128}, {"id": 15, "img_name": "rgb-0015.png", "width": 1920, "height": 1080, "position": [0.5561708832119993, -2.0091449185422317, 1.5299397161205772], "rotation": [[-0.9996573239484597, 2.7717022056084397e-08, -0.0261769875310921], [-0.01308847625001475, 0.866025260866378, 0.4998289100590067], [0.02266994630907888, 0.5000002475412599, -0.8657284943866767]], "fy": 286.21496106152705, "fx": 592.6748388322128}, {"id": 16, "img_name": "rgb-0016.png", "width": 1920, "height": 1080, "position": [0.5599838324906856, -2.0086630502580896, 1.5324395399998363], "rotation": [[-0.999610111698752, 5.4315080300220524e-08, -0.027921758354463637], [-0.013960836604162941, 0.8660253118354782, 0.49980521636090824], [0.024180976632879703, 0.5000001592602341, -0.8656876579395251]], "fy": 286.21496106152705, "fx": 592.6748388322128}, {"id": 17, "img_name": "rgb-0017.png", "width": 1920, "height": 1080, "position": [0.5638035494263645, -2.008174774592639, 1.5349238974691979], "rotation": [[-0.9995598591439908, 3.6656158768548904e-08, -0.029666276949481266], [-0.014833122165348973, 0.8660251036530591, 0.4997804501273888], [0.025691758890206407, 0.500000519842436, -0.8656439300788867]], "fy": 286.21496106152705, "fx": 592.6748388322128}, {"id": 18, "img_name": "rgb-0018.png", "width": 1920, "height": 1080, "position": [0.5676330205564802, -2.0076853123285967, 1.5374148048701597], "rotation": [[-0.999506561076776, 1.6826630035798624e-08, -0.03141073645231381], [-0.015705342843051938, 0.8660256026264535, 0.49975293676142646], [0.027202510374213555, 0.4999996555953692, -0.8655982716213411]], "fy": 286.21496106152705, "fx": 592.6748388322128}, {"id": 19, "img_name": "rgb-0019.png", "width": 1920, "height": 1080, "position": [0.5714713504635238, -2.007193471321765, 1.5398991176569574], "rotation": [[-0.9994502110800019, 5.559439921289118e-08, -0.033155324943917396], [-0.016577589116443338, 0.8660258432275941, 0.49972434641612284], [0.028713396023915753, 0.4999992388613523, -0.8655497108929342]], "fy": 286.21496106152705, "fx": 592.6748388322128}, {"id": 20, "img_name": "rgb-0020.png", "width": 1920, "height": 1080, "position": [0.575316258977648, -2.006697397099356, 1.542365083016544], "rotation": [[-0.9993908230396092, 7.548194309009214e-08, -0.03489961065980921], [-0.01744975729774082, 0.8660251176324749, 0.4996959091286494], [0.030223977145007037, 0.5000004956294062, -0.8654975537665521]], "fy": 286.21496106152705, "fx": 592.6748388322128}, {"id": 21, "img_name": "rgb-0021.png", "width": 1920, "height": 1080, "position": [0.5791709883829557, -2.0062000789389427, 1.5448375299302153], "rotation": [[-0.9993283892694139, 7.19868932269848e-08, -0.03664383168001904], [-0.018321872881009373, 0.8660250990434365, 0.49966472439120413], [0.031734513929330674, 0.5000005278265219, -0.8654434659750273]], "fy": 286.21496106152705, "fx": 592.6748388322128}, {"id": 22, "img_name": "rgb-0022.png", "width": 1920, "height": 1080, "position": [0.5830337764135397, -2.0056974190590844, 1.5473074163264045], "rotation": [[-0.9992629172109126, 8.968198460773984e-09, -0.03838778825532896], [-0.019193860879120173, 0.8660257871158984, 0.49963079544283623], [0.03324481902024783, 0.49999933604984736, -0.8653874542411752]], "fy": 286.21496106152705, "fx": 592.6748388322128}, {"id": 23, "img_name": "rgb-0023.png", "width": 1920, "height": 1080, "position": [0.5869043383290921, -2.0051962363960585, 1.5497662768855092], "rotation": [[-0.9991943928362054, 4.446228098002644e-08, -0.04013184925573571], [-0.020065896762804698, 0.8660252511543557, 0.49959746211338946], [0.03475521704423, 0.5000002643629632, -0.8653275741158232]], "fy": 286.21496106152705, "fx": 592.6748388322128}, {"id": 24, "img_name": "rgb-0024.png", "width": 1920, "height": 1080, "position": [0.5907838818643724, -2.0046829641876123, 1.552215299636371], "rotation": [[-0.9991228240260548, 4.13694845322241e-08, -0.04187579862163135], [-0.020937843412949547, 0.8660256809382187, 0.49956093388966005], [0.036265537682708335, 0.4999995199552623, -0.8652660231518924]], "fy": 286.21496106152705, "fx": 592.6748388322128}, {"id": 25, "img_name": "rgb-0025.png", "width": 1920, "height": 1080, "position": [0.594671805565034, -2.004172319793904, 1.5546664732076598], "rotation": [[-0.9990482183044004, 1.5631202496755102e-08, -0.043619462431386216], [-0.021809683857985544, 0.8660258516074374, 0.49952333482794153], [0.037775589906950256, 0.4999992243470112, -0.8652015837130496]], "fy": 286.21496106152705, "fx": 592.6748388322128}, {"id": 26, "img_name": "rgb-0026.png", "width": 1920, "height": 1080, "position": [0.5985671063633492, -2.003660156040761, 1.5571105508770142], "rotation": [[-0.9989705678551859, 2.03546125905888e-08, -0.04536303075288339], [-0.022681469486313322, 0.8660257637213838, 0.4994846619394182], [0.03928556351929926, 0.4999993765704045, -0.8651342485002994]], "fy": 286.21496106152705, "fx": 592.6748388322128}, {"id": 27, "img_name": "rgb-0027.png", "width": 1920, "height": 1080, "position": [0.6024712711237638, -2.003138872442328, 1.5595408519115486], "rotation": [[-0.998889874262727, 6.071637291660214e-09, -0.047106465537052396], [-0.023553205337528433, 0.8660256756120169, 0.4994444670822552], [0.040795411674865646, 0.499999529180528, -0.8650642780773743]], "fy": 286.21496106152705, "fx": 592.6748388322128}, {"id": 28, "img_name": "rgb-0028.png", "width": 1920, "height": 1080, "position": [0.6063842157564885, -2.0026201686872027, 1.5619731257376437], "rotation": [[-0.9988061363310773, 4.336875219821676e-08, -0.04884979045382932], [-0.024424864022149044, 0.8660253292210299, 0.4994031989936645], [0.04230517751864945, 0.5000001291475874, -0.8649914119848304]], "fy": 286.21496106152705, "fx": 592.6748388322128}, {"id": 29, "img_name": "rgb-0029.png", "width": 1920, "height": 1080, "position": [0.6103047232019695, -2.002097661892561, 1.5644010563981694], "rotation": [[-0.9987193503583827, 5.9187585031652136e-08, -0.05059307481984634], [-0.025296483832104297, 0.866025431007015, 0.49935963068198264], [0.04381491898271818, 0.4999999528491082, -0.8649163543519268]], "fy": 286.21496106152705, "fx": 592.6748388322128}, {"id": 30, "img_name": "rgb-0030.png", "width": 1920, "height": 1080, "position": [0.6142334751070015, -2.0015652377158597, 1.5668163252996292], "rotation": [[-0.9986295343373638, 9.354798596482271e-09, -0.052335964203784405], [-0.02616793892369868, 0.8660257908592291, 0.4993140980776854], [0.04532429946094552, 0.4999993295661973, -0.8648389320051033]], "fy": 286.21496106152705, "fx": 592.6748388322128}, {"id": 31, "img_name": "rgb-0031.png", "width": 1920, "height": 1080, "position": [0.6181715852702999, -2.00103611343976, 1.569232319878833], "rotation": [[-0.9985366611344134, 5.732581365366837e-08, -0.05407898270616568], [-0.02703942019941625, 0.8660256341809874, 0.4992679347772073], [0.04683381391491038, 0.4999996009412557, -0.8647583436618397]], "fy": 286.21496106152705, "fx": 592.6748388322128}, {"id": 32, "img_name": "rgb-0032.png", "width": 1920, "height": 1080, "position": [0.622116544587385, -2.000504632580247, 1.5716422869576985], "rotation": [[-0.9984407563991009, 5.410010724301368e-08, -0.05582164419997237], [-0.027910768259259065, 0.8660254768220451, 0.49922025450729396], [0.04834299304314093, 0.4999998734951305, -0.8646751306291192]], "fy": 286.21496106152705, "fx": 592.6748388322128}, {"id": 33, "img_name": "rgb-0033.png", "width": 1920, "height": 1080, "position": [0.6260702502055114, -1.999964788052196, 1.5740372790880603], "rotation": [[-0.9983418075622786, 8.563914107354052e-08, -0.05756418394518572], [-0.028782052104253737, 0.8660250610266927, 0.49917150073935673], [0.04985206866269979, 0.5000005936733538, -0.8645890223547508]], "fy": 286.21496106152705, "fx": 592.6748388322128}, {"id": 34, "img_name": "rgb-0034.png", "width": 1920, "height": 1080, "position": [0.6300324231791428, -1.9994235864190197, 1.5764391761474095], "rotation": [[-0.998239828163734, 9.57763479278917e-09, -0.059306369536832236], [-0.02965315530649216, 0.8660256099925511, 0.49911955803935293], [0.051360839634963636, 0.4999996428369024, -0.8645012558203499]], "fy": 286.21496106152705, "fx": 592.6748388322128}, {"id": 35, "img_name": "rgb-0035.png", "width": 1920, "height": 1080, "position": [0.6340024389446237, -1.9988815450812492, 1.578832611622862], "rotation": [[-0.9981347900302545, 3.426502620808761e-08, -0.061048676736340866], [-0.03052428349900847, 0.8660256425800369, 0.4990669839918347], [0.05286973659979385, 0.4999995863936617, -0.8644103218715262]], "fy": 286.21496106152705, "fx": 592.6748388322128}, {"id": 36, "img_name": "rgb-0036.png", "width": 1920, "height": 1080, "position": [0.6379805977558304, -1.9983303311532112, 1.5812121966643848], "rotation": [[-0.9980267233011593, 2.6409394717749228e-08, -0.06279060102237001], [-0.031395248223485876, 0.8660256746794655, 0.49901289480830274], [0.05437828579255563, 0.4999995307957556, -0.8643167655658934]], "fy": 286.21496106152705, "fx": 592.6748388322128}, {"id": 37, "img_name": "rgb-0037.png", "width": 1920, "height": 1080, "position": [0.6419676927490946, -1.9977815726839225, 1.5835935612362642], "rotation": [[-0.9979156126885282, 3.515266661988464e-08, -0.06453239459742366], [-0.03226616196708508, 0.8660254480881652, 0.4989577317324644], [0.05588671348713093, 0.4999999232636849, -0.8642203144985171]], "fy": 286.21496106152705, "fx": 592.6748388322128}, {"id": 38, "img_name": "rgb-0038.png", "width": 1920, "height": 1080, "position": [0.6459619430021037, -1.9972303720385522, 1.5859686696078485], "rotation": [[-0.9978014626427275, 6.399476379621561e-08, -0.0662739854545457], [-0.03313695831513231, 0.8660252218250437, 0.4989010494642248], [0.05739497488155749, 0.5000003151627804, -0.8641212309019293]], "fy": 286.21496106152705, "fx": 592.6748388322128}, {"id": 39, "img_name": "rgb-0039.png", "width": 1920, "height": 1080, "position": [0.6499646493522877, -1.9966684688465335, 1.588331588965729], "rotation": [[-0.9976842763643724, 1.1384771091577075e-08, -0.06801532691458909], [-0.034007649032040496, 0.8660254427347809, 0.49884207154503346], [0.05890300928316067, 0.49999993253602215, -0.8640199667608157]], "fy": 286.21496106152705, "fx": 592.6748388322128}, {"id": 40, "img_name": "rgb-0040.png", "width": 1920, "height": 1080, "position": [0.6539765355873938, -1.9961081592416412, 1.590697169856053], "rotation": [[-0.9975640382963042, 4.834948756441625e-08, -0.06975664483020637], [-0.034878249063351005, 0.8660256651757448, 0.4987815704285633], [0.06041106885534097, 0.49999954725670176, -0.8639160581346134]], "fy": 286.21496106152705, "fx": 592.6748388322128}, {"id": 41, "img_name": "rgb-0041.png", "width": 1920, "height": 1080, "position": [0.6579951641803282, -1.9955453955273106, 1.593056563240317], "rotation": [[-0.997440774901712, 3.280702285734321e-08, -0.07149755634614964], [-0.03574869002820087, 0.8660258867224531, 0.49871955514883987], [0.061918750994666615, 0.49999916352588836, -0.8638095303645779]], "fy": 286.21496106152705, "fx": 592.6748388322128}, {"id": 42, "img_name": "rgb-0042.png", "width": 1920, "height": 1080, "position": [0.6620220802792205, -1.9949750041216812, 1.5953998357002774], "rotation": [[-0.9973144773954723, 2.6986808521575053e-09, -0.07323819479886101], [-0.0366190714444423, 0.8660255900178182, 0.49865691716934674], [0.06342615220823938, 0.4999996774341858, -0.8636998586209027]], "fy": 286.21496106152705, "fx": 592.6748388322128}, {"id": 43, "img_name": "rgb-0043.png", "width": 1920, "height": 1080, "position": [0.666058190750244, -1.9944061760111307, 1.5977457063942224], "rotation": [[-0.9971851285864258, 6.396321605708163e-08, -0.07497879250874523], [-0.037489355146288025, 0.8660252949827622, 0.4985927563660903], [0.06493356279143361, 0.5000001884499804, -0.8635875427385434]], "fy": 286.21496106152705, "fx": 592.6748388322128}, {"id": 44, "img_name": "rgb-0044.png", "width": 1920, "height": 1080, "position": [0.6701012777735726, -1.9938325451734806, 1.6000881192957048], "rotation": [[-0.9970527497317492, 2.0243357309247126e-08, -0.07671906055445146], [-0.03835947269283342, 0.8660257055933637, 0.4985258550027712], [0.06644068864096585, 0.4999994772512427, -0.863473310323717]], "fy": 286.21496106152705, "fx": 592.6748388322128}, {"id": 45, "img_name": "rgb-0045.png", "width": 1920, "height": 1080, "position": [0.6741529049065301, -1.9932503769191845, 1.602415303757929], "rotation": [[-0.9969173271064986, -4.319462222549746e-08, -0.07845917992709694], [-0.03922956569483599, 0.8660258567875851, 0.4984578784117304], [0.0679476569885157, 0.4999992153747113, -0.8633561840483012]], "fy": 286.21496106152705, "fx": 592.6748388322128}, {"id": 46, "img_name": "rgb-0046.png", "width": 1920, "height": 1080, "position": [0.678213212244249, -1.9926729177732756, 1.6047412861231791], "rotation": [[-0.9967788700290006, 8.97439213508599e-09, -0.08019902906960971], [-0.04009955682686774, 0.866025043554413, 0.49839005756421906], [0.0694543721157782, 0.5000006239361874, -0.863235463971115]], "fy": 286.21496106152705, "fx": 592.6748388322128}, {"id": 47, "img_name": "rgb-0047.png", "width": 1920, "height": 1080, "position": [0.6822804662822592, -1.9920883958285123, 1.6070665091131255], "rotation": [[-0.9966373804207763, 8.930829931943205e-08, -0.08193858644133693], [-0.04096918172044447, 0.866025646291256, 0.49831827792583483], [0.07096096178300869, 0.499999579965628, -0.8631135278380394]], "fy": 286.21496106152705, "fx": 592.6748388322128}, {"id": 48, "img_name": "rgb-0048.png", "width": 1920, "height": 1080, "position": [0.6863559600996979, -1.9914967322419628, 1.6093747652753885], "rotation": [[-0.996492859052328, 3.3743570604481347e-08, -0.08367784568042451], [-0.04183887418545463, 0.8660255385658451, 0.4982461993418843], [0.0724671681840251, 0.4999997665516834, -0.8629882635260175]], "fy": 286.21496106152705, "fx": 592.6748388322128}, {"id": 49, "img_name": "rgb-0049.png", "width": 1920, "height": 1080, "position": [0.6904408032355499, -1.9909050411929945, 1.6116873091446016], "rotation": [[-0.9963452868684265, -5.97714000475003e-08, -0.08541703187929693], [-0.04270849725624845, 0.8660258786699881, 0.4981718194920175], [0.07397333031022343, 0.49999917747319417, -0.8628608050716774]], "fy": 286.21496106152705, "fx": 592.6748388322128}, {"id": 50, "img_name": "rgb-0050.png", "width": 1920, "height": 1080, "position": [0.6945320335647269, -1.9903149137405824, 1.6139885414315251], "rotation": [[-0.9961946952078861, 9.365867236911105e-08, -0.08715577571026446], [-0.043577868279617106, 0.8660249981977917, 0.4980980544960192], [0.07547912715361142, 0.5000007024960128, -0.862729505040614]], "fy": 286.21496106152705, "fx": 592.6748388322128}, {"id": 51, "img_name": "rgb-0051.png", "width": 1920, "height": 1080, "position": [0.6986318382484478, -1.9897121026907942, 1.6162793791270658], "rotation": [[-0.9960410625841711, -2.878241543810088e-08, -0.08889432853784415], [-0.04444723917536226, 0.8660250785325674, 0.4980210901983454], [0.07698470351883642, 0.5000005633523422, -0.8625965407254177]], "fy": 286.21496106152705, "fx": 592.6748388322128}, {"id": 52, "img_name": "rgb-0052.png", "width": 1920, "height": 1080, "position": [0.7027404217730151, -1.9891116970426495, 1.618571645053871], "rotation": [[-0.9958843927530794, 6.496424606532721e-08, -0.09063264462005964], [-0.04531634464474566, 0.8660249045887307, 0.4979430625484389], [0.07849015975820714, 0.5000008646313281, -0.8624606832714492]], "fy": 286.21496106152705, "fx": 592.6748388322128}, {"id": 53, "img_name": "rgb-0053.png", "width": 1920, "height": 1080, "position": [0.7068561569584566, -1.9885054870546388, 1.620861234992532], "rotation": [[-0.9957246870552864, 6.999919132094278e-08, -0.09237070741662126], [-0.04618524665532389, 0.866025695620238, 0.4978618458135449], [0.07999544099533948, 0.49999949452522263, -0.8623231615203683]], "fy": 286.21496106152705, "fx": 592.6748388322128}, {"id": 54, "img_name": "rgb-0054.png", "width": 1920, "height": 1080, "position": [0.7109795808668193, -1.987893899804683, 1.623131680767083], "rotation": [[-0.9955619601662157, 1.359534560775926e-07, -0.09410836025552895], [-0.04705408601386411, 0.8660252620504563, 0.49778123556421733], [0.08150028502651255, 0.5000002454903603, -0.862181801043247]], "fy": 286.21496106152705, "fx": 592.6748388322128}, {"id": 55, "img_name": "rgb-0055.png", "width": 1920, "height": 1080, "position": [0.7151124506680326, -1.9872821893837183, 1.6254062671639407], "rotation": [[-0.9953961810137227, 1.6040533795770041e-07, -0.09584593274245164], [-0.047922849257725095, 0.8660252763099444, 0.4976983235970418], [0.08300508021993383, 0.5000002207922098, -0.8620382450131919]], "fy": 286.21496106152705, "fx": 592.6748388322128}, {"id": 56, "img_name": "rgb-0056.png", "width": 1920, "height": 1080, "position": [0.7192516846512326, -1.986667048100582, 1.6276754945306768], "rotation": [[-0.9952273970875524, 1.0781872835480672e-07, -0.09758292927722463], [-0.048791347362990255, 0.8660255478364971, 0.4976134593406802], [0.08450936343884902, 0.4999997504944209, -0.8618923465240178]], "fy": 286.21496106152705, "fx": 592.6748388322128}, {"id": 57, "img_name": "rgb-0057.png", "width": 1920, "height": 1080, "position": [0.7233992890928435, -1.9860440908165409, 1.6299281424261225], "rotation": [[-0.9950555633681669, 1.0576001550467695e-07, -0.09931981579749939], [-0.04965983421553888, 0.8660253023190793, 0.4975279656550303], [0.08601352612087, 0.5000001757431057, -0.8617432898381734]], "fy": 286.21496106152705, "fx": 592.6748388322128}, {"id": 58, "img_name": "rgb-0058.png", "width": 1920, "height": 1080, "position": [0.7275558188793997, -1.985422527196125, 1.632183199764928], "rotation": [[-0.9948806984006346, 1.0455834090421222e-07, -0.10105639984609965], [-0.05052817057076641, 0.8660250568000171, 0.4974409562684793], [0.08751742642832475, 0.5000006009941554, -0.8615916080585084]], "fy": 286.21496106152705, "fx": 592.6748388322128}, {"id": 59, "img_name": "rgb-0059.png", "width": 1920, "height": 1080, "position": [0.73171923590455, -1.9847959296985014, 1.6344345044808386], "rotation": [[-0.994702809863929, -2.0263193033871977e-08, -0.10279260697542299], [-0.05139630094311237, 0.8660255161179142, 0.49735120959143664], [0.08902101043107305, 0.49999980543266187, -0.8614380153378018]], "fy": 286.21496106152705, "fx": 592.6748388322128}, {"id": 60, "img_name": "rgb-0060.png", "width": 1920, "height": 1080, "position": [0.7358914926083188, -1.984165754219625, 1.6366788551786107], "rotation": [[-0.9945218863367963, 7.332362099015723e-08, -0.10452854919635435], [-0.05226415384834261, 0.8660257219170333, 0.4972604018023134], [0.09052444873964614, 0.4999994489777723, -0.861281530744917]], "fy": 286.21496106152705, "fx": 592.6748388322128}, {"id": 61, "img_name": "rgb-0061.png", "width": 1920, "height": 1080, "position": [0.7400704789464175, -1.9835269029446367, 1.6389084810827228], "rotation": [[-0.9943379482996437, -7.840995301316435e-08, -0.10626403234984351], [-0.05313198844773837, 0.8660259212807998, 0.4971680756779652], [0.0920273675318605, 0.4999991036689321, -0.8611224419067361]], "fy": 286.21496106152705, "fx": 592.6748388322128}, {"id": 62, "img_name": "rgb-0062.png", "width": 1920, "height": 1080, "position": [0.7442579845281103, -1.982892050836545, 1.6411376667950175], "rotation": [[-0.9941509442661001, 6.973765877508455e-08, -0.10799953710464183], [-0.05399966988823775, 0.8660256102560298, 0.4970751231279156], [0.0935303996932715, 0.4999996423805385, -0.8609601744288468]], "fy": 286.21496106152705, "fx": 592.6748388322128}, {"id": 63, "img_name": "rgb-0063.png", "width": 1920, "height": 1080, "position": [0.7484535360467862, -1.9822527273166615, 1.6433612281920003], "rotation": [[-0.9939609533108666, 1.1559969046838863e-07, -0.10973433051392864], [-0.05486708613730239, 0.8660252965160267, 0.4969806723134513], [0.09503276357212459, 0.5000001857942803, -0.8607953229737774]], "fy": 286.21496106152705, "fx": 592.6748388322128}, {"id": 64, "img_name": "rgb-0064.png", "width": 1920, "height": 1080, "position": [0.7526567259117289, -1.9816013605481422, 1.6455735805765686], "rotation": [[-0.9937679048207281, -8.648297430648235e-08, -0.1114690600490233], [-0.0557345002920205, 0.8660259432885435, 0.4968830154356124], [0.09653505490452166, 0.49999906555030765, -0.8606287920023359]], "fy": 286.21496106152705, "fx": 592.6748388322128}, {"id": 65, "img_name": "rgb-0065.png", "width": 1920, "height": 1080, "position": [0.7568674669357992, -1.9809573062393906, 1.647781859266865], "rotation": [[-0.9935718353365564, 1.8585808452267766e-08, -0.11320339228992553], [-0.05660173722358143, 0.8660251127159659, 0.4967864203946917], [0.0980369898008897, 0.5000005041450442, -0.8604581596367613]], "fy": 286.21496106152705, "fx": 592.6748388322128}, {"id": 66, "img_name": "rgb-0066.png", "width": 1920, "height": 1080, "position": [0.7610867992966522, -1.9803054414293806, 1.6499881585882858], "rotation": [[-0.9933727578278297, -3.632960765033803e-08, -0.11493721766917034], [-0.0574686716847984, 0.8660252450701713, 0.4966866483769567], [0.0995385140551958, 0.5000002749010729, -0.8602858881316926]], "fy": 286.21496106152705, "fx": 592.6748388322128}, {"id": 67, "img_name": "rgb-0067.png", "width": 1920, "height": 1080, "position": [0.7653127469032467, -1.9796458828805783, 1.6521783462142883], "rotation": [[-0.9931706477848822, 1.3139644932957923e-07, -0.11667075202697808], [-0.058335319406667786, 0.8660251246434814, 0.49658581735281626], [0.10103986781602556, 0.5000004834859915, -0.8601107263750957]], "fy": 286.21496106152705, "fx": 592.6748388322128}, {"id": 68, "img_name": "rgb-0068.png", "width": 1920, "height": 1080, "position": [0.7695471439587933, -1.9789851130105742, 1.6543741920996566], "rotation": [[-0.9929655029243681, -7.873596318382232e-09, -0.11840401176546801], [-0.0592018979971846, 0.8660259628598606, 0.4964817891183753], [0.10254094438656247, 0.4999990316517142, -0.859933906222833]], "fy": 286.21496106152705, "fx": 592.6748388322128}, {"id": 69, "img_name": "rgb-0069.png", "width": 1920, "height": 1080, "position": [0.7737902484622027, -1.9783246936581955, 1.65655809253615], "rotation": [[-0.9927573325319626, -2.3185011958508044e-08, -0.12013691649123157], [-0.060068495920635206, 0.8660253185222164, 0.49637881046266064], [0.10404159986204711, 0.5000001476784709, -0.8597529865139477]], "fy": 286.21496106152705, "fx": 592.6748388322128}, {"id": 70, "img_name": "rgb-0070.png", "width": 1920, "height": 1080, "position": [0.7780398159446601, -1.9776524379754978, 1.658730774433383], "rotation": [[-0.9925461403072843, 3.864081915632649e-08, -0.12186943571343668], [-0.060934633895876715, 0.8660256441925012, 0.4962726609364443], [0.10554207574748774, 0.49999958360078856, -0.8595704081958323]], "fy": 286.21496106152705, "fx": 592.6748388322128}, {"id": 71, "img_name": "rgb-0071.png", "width": 1920, "height": 1080, "position": [0.7822972144864316, -1.9769832179827682, 1.6609042270399788], "rotation": [[-0.9923319337791885, 7.971727122041829e-08, -0.12360150970781043], [-0.06180062079198542, 0.8660257099914392, 0.49616544912312166], [0.10704212475367596, 0.4999994696335361, -0.8593849625717227]], "fy": 286.21496106152705, "fx": 592.6748388322128}, {"id": 72, "img_name": "rgb-0072.png", "width": 1920, "height": 1080, "position": [0.7865636706128476, -1.9763091964649955, 1.6630716083620456], "rotation": [[-0.9921146982476536, -7.223998302254355e-08, -0.12533325784069202], [-0.06266661154115012, 0.8660257697609948, 0.4960567123906564], [0.10854179526301014, 0.4999993661094687, -0.8591968997681564]], "fy": 286.21496106152705, "fx": 592.6748388322128}, {"id": 73, "img_name": "rgb-0073.png", "width": 1920, "height": 1080, "position": [0.7908368507915963, -1.9756282615621845, 1.665221647176379], "rotation": [[-0.991894416322175, 3.4294833373462074e-08, -0.12706481365386163], [-0.06353239603592035, 0.8660253189597399, 0.4959473576647179], [0.11004136278157746, 0.5000001469206581, -0.8590056760909639]], "fy": 286.21496106152705, "fx": 592.6748388322128}, {"id": 74, "img_name": "rgb-0074.png", "width": 1920, "height": 1080, "position": [0.7951176154993211, -1.9749495032128725, 1.6673735128818314], "rotation": [[-0.9916711370125704, 9.074726071878067e-08, -0.12879579191956372], [-0.06439793786460991, 0.8660248665810054, 0.4958365013410542], [0.11154040350913942, 0.5000009304624775, -0.8588118582796086]], "fy": 286.21496106152705, "fx": 592.6748388322128}, {"id": 75, "img_name": "rgb-0075.png", "width": 1920, "height": 1080, "position": [0.7994068670892487, -1.9742627722758164, 1.6695232094692054], "rotation": [[-0.9914448579197805, -2.9223581656596065e-08, -0.13052621845600412], [-0.06526314050678242, 0.8660253764180738, 0.4957224726509028], [0.11303900298400259, 0.5000000473999301, -0.8586164081849647]], "fy": 286.21496106152705, "fx": 592.6748388322128}, {"id": 76, "img_name": "rgb-0076.png", "width": 1920, "height": 1080, "position": [0.8037027756652452, -1.973569098697137, 1.6716555036650793], "rotation": [[-0.9912155327444299, 1.1039844530207492e-07, -0.13225644652024904], [-0.06612813484528823, 0.8660253760504686, 0.4956078266316297], [0.11453749354713094, 0.5000000480366296, -0.8584177971916175]], "fy": 286.21496106152705, "fx": 592.6748388322128}, {"id": 77, "img_name": "rgb-0077.png", "width": 1920, "height": 1080, "position": [0.8080069989732042, -1.9728773827032782, 1.6737894355641563], "rotation": [[-0.9909831810650676, 5.72723955567906e-08, -0.1339863233548713], [-0.06699312052373883, 0.8660253693190417, 0.4954916563357137], [0.1160355835450971, 0.5000000596958103, -0.8582165715339776]], "fy": 286.21496106152705, "fx": 592.6748388322128}, {"id": 78, "img_name": "rgb-0078.png", "width": 1920, "height": 1080, "position": [0.8123194708973684, -1.9721819441386466, 1.6759161629731143], "rotation": [[-0.9907478260239184, 1.804711738603968e-07, -0.13571567790364703], [-0.06785775336843589, 0.866025109130804, 0.49537443985612295], [0.11753327416807362, 0.500000510354686, -0.8580124819071026]], "fy": 286.21496106152705, "fx": 592.6748388322128}, {"id": 79, "img_name": "rgb-0079.png", "width": 1920, "height": 1080, "position": [0.8166386065440816, -1.9714751437845792, 1.6780305634937975], "rotation": [[-0.9905094495047573, -3.720842671649703e-08, -0.1374446450094765], [-0.06872232055663684, 0.8660255460408544, 0.4952544762664452], [0.11903055531708338, 0.49999975360457805, -0.8578064894230331]], "fy": 286.21496106152705, "fx": 592.6748388322128}, {"id": 80, "img_name": "rgb-0080.png", "width": 1920, "height": 1080, "position": [0.8209652765376632, -1.9707738787230238, 1.6801426829410784], "rotation": [[-0.9902680679318645, 7.106096771152e-08, -0.13917310672140215], [-0.0695865835037874, 0.8660250259251339, 0.495134690632399], [0.12052742854123401, 0.5000006544709376, -0.8575969242586353]], "fy": 286.21496106152705, "fx": 592.6748388322128}, {"id": 81, "img_name": "rgb-0081.png", "width": 1920, "height": 1080, "position": [0.82530108695069, -1.9700653275503217, 1.682251226767884], "rotation": [[-0.9900236462556874, 8.126414258301473e-08, -0.14090131246580603], [-0.07045063354691905, 0.8660252112457365, 0.49501216320370833], [0.12202412911974025, 0.5000003334866593, -0.8573854316617459]], "fy": 286.21496106152705, "fx": 592.6748388322128}, {"id": 82, "img_name": "rgb-0082.png", "width": 1920, "height": 1080, "position": [0.8296429839850996, -1.9693488593938595, 1.684343544235085], "rotation": [[-0.9897762165701893, 7.619895874915841e-08, -0.1426290332015065], [-0.07131451729865286, 0.866025136567433, 0.49488857579845164], [0.1235203656668097, 0.5000004628331397, -0.8571710776923029]], "fy": 286.21496106152705, "fx": 592.6748388322128}, {"id": 83, "img_name": "rgb-0083.png", "width": 1920, "height": 1080, "position": [0.8339930161785977, -1.9686319378918664, 1.6864402105783178], "rotation": [[-0.9895257741637737, -8.25772460799208e-08, -0.14435630317231535], [-0.07217813196934675, 0.8660257652643315, 0.49476225721425543], [0.12501623706942958, 0.4999993738979307, -0.8569548217792333]], "fy": 286.21496106152705, "fx": 592.6748388322128}, {"id": 84, "img_name": "rgb-0084.png", "width": 1920, "height": 1080, "position": [0.8383511442023833, -1.967913703994446, 1.6885266988547787], "rotation": [[-0.9892723304743692, 9.060396571515223e-08, -0.14608304541527858], [-0.07304143653687191, 0.8660254375646431, 0.4946361188182673], [0.12651167814253617, 0.4999999414909573, -0.8567349962518157]], "fy": 286.21496106152705, "fx": 592.6748388322128}, {"id": 85, "img_name": "rgb-0085.png", "width": 1920, "height": 1080, "position": [0.8427157807936113, -1.967184017812828, 1.690600747527694], "rotation": [[-0.9890158680399841, -8.415176762478479e-08, -0.1478093798279059], [-0.07390465899226482, 0.8660258061021102, 0.49450723406683117], [0.1280066957012573, 0.49999930316469815, -0.8565132705863131]], "fy": 286.21496106152705, "fx": 592.6748388322128}, {"id": 86, "img_name": "rgb-0086.png", "width": 1920, "height": 1080, "position": [0.8470884985545418, -1.966457295482986, 1.6926750881478558], "rotation": [[-0.988756379319011, -2.8740600477739527e-08, -0.14953535486953862], [-0.07476756740106746, 0.8660259236389483, 0.4943772956459806], [0.12950147960886974, 0.49999909958449484, -0.8562886588025138]], "fy": 286.21496106152705, "fx": 592.6748388322128}, {"id": 87, "img_name": "rgb-0087.png", "width": 1920, "height": 1080, "position": [0.8514700979689239, -1.965726563762687, 1.6947418892806445], "rotation": [[-0.9884938564565278, 6.552245380843001e-08, -0.1512610185992974], [-0.07563035381732097, 0.8660257831513639, 0.4942462872885675], [0.13099597447695907, 0.4999993429166303, -0.8560611612225902]], "fy": 286.21496106152705, "fx": 592.6748388322128}, {"id": 88, "img_name": "rgb-0088.png", "width": 1920, "height": 1080, "position": [0.8558568656699906, -1.9649870729719787, 1.6967936536940942], "rotation": [[-0.988228380741462, 5.7053407518249686e-08, -0.15298584083863714], [-0.07649280932360392, 0.8660256387749122, 0.4941137957052889], [0.1324896887266735, 0.4999995929843364, -0.8558311103229461]], "fy": 286.21496106152705, "fx": 592.6748388322128}, {"id": 89, "img_name": "rgb-0089.png", "width": 1920, "height": 1080, "position": [0.8602520243154961, -1.964250381832306, 1.6988456634758604], "rotation": [[-0.9879598725897301, 8.925138625244094e-08, -0.15471034274565137], [-0.07735513987553055, 0.8660252363526845, 0.4939802347615891], [0.13398310523092824, 0.5000002900001854, -0.8555981752624355]], "fy": 286.21496106152705, "fx": 592.6748388322128}, {"id": 90, "img_name": "rgb-0090.png", "width": 1920, "height": 1080, "position": [0.8646562574548317, -1.9635062466369242, 1.7008938861557426], "rotation": [[-0.987688325330527, 1.1896205691138588e-08, -0.1564345614171594], [-0.07821723392685731, 0.8660255388860465, 0.49384393315496367], [0.1354763312265668, 0.499999765997078, -0.855363313265338]], "fy": 286.21496106152705, "fx": 592.6748388322128}, {"id": 91, "img_name": "rgb-0091.png", "width": 1920, "height": 1080, "position": [0.8690659920124953, -1.9627532682204354, 1.702926867336157], "rotation": [[-0.9874137994060608, -1.1811555311696714e-07, -0.158158113109868], [-0.07907903825484126, 0.8660258392978947, 0.49370613868683744], [0.1369689543333711, 0.49999924566779436, -0.8551258737054211]], "fy": 286.21496106152705, "fx": 592.6748388322128}, {"id": 92, "img_name": "rgb-0092.png", "width": 1920, "height": 1080, "position": [0.873484195986339, -1.9620040357142678, 1.7049588655979433], "rotation": [[-0.9871362249886596, 2.6415028015354836e-08, -0.15988143517975228], [-0.07994063198358535, 0.8660256313729444, 0.4935677270275662], [0.13846143388396276, 0.49999960580493696, -0.854885270385275]], "fy": 286.21496106152705, "fx": 592.6748388322128}, {"id": 93, "img_name": "rgb-0093.png", "width": 1920, "height": 1080, "position": [0.8779096647090273, -1.9612491448808191, 1.7069858093185009], "rotation": [[-0.9868557302257801, 2.652017616542178e-08, -0.16160373671589914], [-0.08080176912153887, 0.8660256773445884, 0.4934274012321125], [0.13995299863658472, 0.49999952617962146, -0.8546424000672928]], "fy": 286.21496106152705, "fx": 592.6748388322128}, {"id": 94, "img_name": "rgb-0094.png", "width": 1920, "height": 1080, "position": [0.8823420942149643, -1.9604869732833232, 1.708994846288526], "rotation": [[-0.9865721481104326, 1.6288351073684554e-07, -0.16332604376748866], [-0.08166293766619047, 0.8660252095402331, 0.4932864290171819], [0.141444551625342, 0.5000003364406554, -0.8543963379923495]], "fy": 286.21496106152705, "fx": 592.6748388322128}, {"id": 95, "img_name": "rgb-0095.png", "width": 1920, "height": 1080, "position": [0.8867823427497876, -1.9597242069691967, 1.7110081310689758], "rotation": [[-0.9862855903367462, 8.059926071756844e-08, -0.16504767279210417], [-0.08252375655699191, 0.8660254422469957, 0.4931427409833971], [0.14293552356855982, 0.49999993338088466, -0.8541484079018659]], "fy": 286.21496106152705, "fx": 592.6748388322128}, {"id": 96, "img_name": "rgb-0096.png", "width": 1920, "height": 1080, "position": [0.8912310207501293, -1.9589564811636337, 1.7130148304844521], "rotation": [[-0.9859960280597478, -2.4972013460673427e-09, -0.16676879999088834], [-0.08338432382080363, 0.8660256748815301, 0.4929975506906073], [0.14442606133017785, 0.49999953044577006, -0.8538978758391786]], "fy": 286.21496106152705, "fx": 592.6748388322128}, {"id": 97, "img_name": "rgb-0097.png", "width": 1920, "height": 1080, "position": [0.8956858015436915, -1.958180650695174, 1.7150048763878367], "rotation": [[-0.9857034350845706, -4.264063039417577e-08, -0.1684895784981252], [-0.08424475392623741, 0.8660256495511697, 0.49285129172538666], [0.14591627564595192, 0.49999957431929154, -0.8536444612261839]], "fy": 286.21496106152705, "fx": 592.6748388322128}, {"id": 98, "img_name": "rgb-0098.png", "width": 1920, "height": 1080, "position": [