[{"id": 0, "img_name": "rgb-0000.png", "width": 1920, "height": 1080, "position": [0.4999997989275982, -2.016025161505414, 1.4918588234981993], "rotation": [[-0.9999999999999961, -9.040437177206606e-14, 8.74228218327602e-08], [4.371131921930873e-08, 0.8660254923097984, 0.499999846669546], [-7.571043751899996e-08, 0.499999846669548, -0.8660254923097951]], "fy": 286.21496106152705, "fx": 592.6748388322128}, {"id": 1, "img_name": "rgb-0001.png", "width": 1920, "height": 1080, "position": [0.49705643325254684, -2.016027270393722, 1.496063898725284], "rotation": [[-0.999998476781131, -0.0008726648255989747, 0.0015115857633604738], [4.356818538186221e-08, 0.8660252335096028, 0.5000002949245492], [-0.001745404083853813, 0.4999995333805225, -0.8660239143256057]], "fy": 286.21496106152705, "fx": 592.6748388322128}, {"id": 2, "img_name": "rgb-0002.png", "width": 1920, "height": 1080, "position": [0.4940989404603509, -2.016025249561155, 1.500254070764629], "rotation": [[-0.9999939073900337, -0.0017453276414929359, 0.003023080256443879], [4.504859875699812e-08, 0.866024974709967, 0.5000007431780467], [-0.0034907281204686665, 0.499997697004721, -0.8660196982789503]], "fy": 286.21496106152705, "fx": 592.6748388322128}, {"id": 3, "img_name": "rgb-0003.png", "width": 1920, "height": 1080, "position": [0.49112927332472694, -2.0160244629819757, 1.504451527016328], "rotation": [[-0.9999862918335957, -0.00261798176581967, 0.004534569038848475], [4.289239340626529e-08, 0.866025681835363, 0.4999995184013605], [-0.005236042865791657, 0.49999266451925883, -0.8660138100989148]], "fy": 286.21496106152705, "fx": 592.6748388322128}, {"id": 4, "img_name": "rgb-0004.png", "width": 1920, "height": 1080, "position": [0.4881464944359944, -2.016025224227183, 1.5086410850588636], "rotation": [[-0.9999756302075139, -0.003490626692785976, 0.00604603311082222], [3.863726499350508e-08, 0.8660258713171424, 0.499999190208727], [-0.00698133161252606, 0.4999870055658206, -0.8660047663115025]], "fy": 286.21496106152705, "fx": 592.6748388322128}, {"id": 5, "img_name": "rgb-0005.png", "width": 1920, "height": 1080, "position": [0.4851496592511166, -2.016024766774997, 1.5128117498738378], "rotation": [[-0.9999619223433978, -0.00436327774885763, 0.007557491024318018], [4.153088140933755e-08, 0.8660250948777162, 0.5000005350417546], [-0.008726618090337097, 0.4999814965069497, -0.8659921184903336]], "fy": 286.21496106152705, "fx": 592.6748388322128}, {"id": 6, "img_name": "rgb-0006.png", "width": 1920, "height": 1080, "position": [0.4821406255066629, -2.0160233888068992, 1.5169924506798287], "rotation": [[-0.9999451684770337, -0.005235895964082012, 0.009068926777199976], [3.2165822515304446e-08, 0.8660259914570524, 0.4999989821197926], [-0.010471868956202156, 0.49997156670583087, -0.8659785057645955]], "fy": 286.21496106152705, "fx": 592.6748388322128}, {"id": 7, "img_name": "rgb-0007.png", "width": 1920, "height": 1080, "position": [0.47911851040820336, -2.0160257230881578, 1.5211622999236782], "rotation": [[-0.9999253687981414, -0.006108487975484133, 0.010580321760416282], [4.8776106991870685e-08, 0.866025663349814, 0.49999955041930993], [-0.012217071412502813, 0.49996223536800033, -0.8659610305157697]], "fy": 286.21496106152705, "fx": 592.6748388322128}, {"id": 8, "img_name": "rgb-0008.png", "width": 1920, "height": 1080, "position": [0.47608245445468433, -2.016024706703734, 1.5253160028002481], "rotation": [[-0.9999025229741768, -0.00698109113901997, 0.012091687904685304], [5.0827461291108105e-08, 0.8660250763768877, 0.5000005670860816], [-0.013962254469570185, 0.499951829132482, -0.865940658473323]], "fy": 286.21496106152705, "fx": 592.6748388322128}, {"id": 9, "img_name": "rgb-0009.png", "width": 1920, "height": 1080, "position": [0.4730341752221131, -2.016024885678735, 1.5294768026341485], "rotation": [[-0.9998766311995343, -0.007853663637473645, 0.01360302718293664], [3.975510394021619e-08, 0.8660254553027863, 0.49999991076759226], [-0.01570739892753439, 0.4999382269191575, -0.8659186144689698]], "fy": 286.21496106152705, "fx": 592.6748388322128}, {"id": 10, "img_name": "rgb-0010.png", "width": 1920, "height": 1080, "position": [0.46997282128778556, -2.016025857525572, 1.5336305499425482], "rotation": [[-0.9998476937673332, -0.008726197970742852, 0.015114322251443418], [4.6018908656978216e-08, 0.866025575470715, 0.49999970263052634], [-0.017452486016122648, 0.4999235502550287, -0.865893673976352]], "fy": 286.21496106152705, "fx": 592.6748388322128}, {"id": 11, "img_name": "rgb-0011.png", "width": 1920, "height": 1080, "position": [0.4668976105273837, -2.0160234847282696, 1.537768037964732], "rotation": [[-0.999815710670141, -0.009598713171944745, 0.01662556473036256], [5.16560554340541e-08, 0.8660254368121699, 0.49999994279428434], [-0.019197517994732356, 0.4999077989987084, -0.8658658370689473]], "fy": 286.21496106152705, "fx": 592.6748388322128}, {"id": 12, "img_name": "rgb-0012.png", "width": 1920, "height": 1080, "position": [0.46381026893325233, -2.0160252362173536, 1.5419086260109016], "rotation": [[-0.9997806822805918, -0.01047121346606582, 0.018136731433825177], [3.3283648715583045e-08, 0.8660252980304728, 0.5000001831711959], [-0.0209424768963347, 0.4998905248749757, -0.8658353629886388]], "fy": 286.21496106152705, "fx": 592.6748388322128}, {"id": 13, "img_name": "rgb-0013.png", "width": 1920, "height": 1080, "position": [0.46070968362511183, -2.016024834382715, 1.546045985488206], "rotation": [[-0.9997426072491983, -0.011343652434225292, 0.019647921010301262], [4.8338938820463714e-08, 0.8660258665715728, 0.49999919842831186], [-0.02268742494363797, 0.4998705032089893, -0.8658029572431704]], "fy": 286.21496106152705, "fx": 592.6748388322128}, {"id": 14, "img_name": "rgb-0014.png", "width": 1920, "height": 1080, "position": [0.4575953649777183, -2.016024063901764, 1.5501630990311706], "rotation": [[-0.999701486196613, -0.012216108246396254, 0.021159045243009437], [7.201811345101641e-08, 0.866025210354763, 0.5000003350298712], [-0.024432324823442493, 0.4998510795520012, -0.8657666889956097]], "fy": 286.21496106152705, "fx": 592.6748388322128}, {"id": 15, "img_name": "rgb-0015.png", "width": 1920, "height": 1080, "position": [0.45446915451218745, -2.0160252231280786, 1.5542860024166585], "rotation": [[-0.9996573239484597, -0.013088476250014752, 0.02266994630907888], [2.771702205507245e-08, 0.866025260866378, 0.5000002475412598], [-0.0261769875310921, 0.4998289100590068, -0.8657284943866767]], "fy": 286.21496106152705, "fx": 592.6748388322128}, {"id": 16, "img_name": "rgb-0016.png", "width": 1920, "height": 1080, "position": [0.45132951253183035, -2.0160264153674077, 1.5584027879648494], "rotation": [[-0.999610111698752, -0.013960836604162943, 0.024180976632879703], [5.431508029611928e-08, 0.8660253118354782, 0.500000159260234], [-0.02792175835446363, 0.4998052163609083, -0.865687657939525]], "fy": 286.21496106152705, "fx": 592.6748388322128}, {"id": 17, "img_name": "rgb-0017.png", "width": 1920, "height": 1080, "position": [0.4481765391090473, -2.0160242536578767, 1.562503035879749], "rotation": [[-0.9995598591439908, -0.014833122165348973, 0.02569175889020641], [3.6656158768373807e-08, 0.8660251036530591, 0.5000005198424361], [-0.029666276949481263, 0.49978045012738875, -0.8656439300788867]], "fy": 286.21496106152705, "fx": 592.6748388322128}, {"id": 18, "img_name": "rgb-0018.png", "width": 1920, "height": 1080, "position": [0.4450112074299524, -2.0160240328340997, 1.5666090660713887], "rotation": [[-0.9995065610767759, -0.015705342843051934, 0.027202510374213555], [1.682663003558501e-08, 0.8660256026264535, 0.4999996555953692], [-0.03141073645231381, 0.4997529367614264, -0.8655982716213411]], "fy": 286.21496106152705, "fx": 592.6748388322128}, {"id": 19, "img_name": "rgb-0019.png", "width": 1920, "height": 1080, "position": [0.44183247332820624, -2.0160246379278814, 1.5707078509571513], "rotation": [[-0.9994502110800019, -0.016577589116443334, 0.028713396023915753], [5.5594399215480046e-08, 0.8660258432275941, 0.49999923886135234], [-0.03315532494391739, 0.4997243464161228, -0.8655497108929342]], "fy": 286.21496106152705, "fx": 592.6748388322128}]