[{"id": 0, "img_name": "rgb-0000.png", "width": 1920, "height": 1080, "position": [0.4999997989275982, -2.016025161505414, 1.4918588234981993], "rotation": [[-0.9999999999999961, -9.040437177206606e-14, 8.74228218327602e-08], [4.371131921930873e-08, 0.8660254923097984, 0.499999846669546], [-7.571043751899996e-08, 0.499999846669548, -0.8660254923097951]], "fy": 286.21496106152705, "fx": 592.6748388322128}, {"id": 1, "img_name": "rgb-0005.png", "width": 1920, "height": 1080, "position": [0.4851496592511166, -2.016024766774997, 1.5128117498738378], "rotation": [[-0.9999619223433978, -0.00436327774885763, 0.007557491024318018], [4.153088140933755e-08, 0.8660250948777162, 0.5000005350417546], [-0.008726618090337097, 0.4999814965069497, -0.8659921184903336]], "fy": 286.21496106152705, "fx": 592.6748388322128}, {"id": 2, "img_name": "rgb-0010.png", "width": 1920, "height": 1080, "position": [0.46997282128778556, -2.016025857525572, 1.5336305499425482], "rotation": [[-0.9998476937673332, -0.008726197970742852, 0.015114322251443418], [4.6018908656978216e-08, 0.866025575470715, 0.49999970263052634], [-0.017452486016122648, 0.4999235502550287, -0.865893673976352]], "fy": 286.21496106152705, "fx": 592.6748388322128}, {"id": 3, "img_name": "rgb-0015.png", "width": 1920, "height": 1080, "position": [0.45446915451218745, -2.0160252231280786, 1.5542860024166585], "rotation": [[-0.9996573239484597, -0.013088476250014752, 0.02266994630907888], [2.771702205507245e-08, 0.866025260866378, 0.5000002475412598], [-0.0261769875310921, 0.4998289100590068, -0.8657284943866767]], "fy": 286.21496106152705, "fx": 592.6748388322128}, {"id": 4, "img_name": "rgb-0020.png", "width": 1920, "height": 1080, "position": [0.43864059980623743, -2.016024108184485, 1.5747871316779845], "rotation": [[-0.9993908230396094, -0.01744975729774082, 0.030223977145007033], [7.548194308922132e-08, 0.8660251176324749, 0.5000004956294062], [-0.03489961065980922, 0.4996959091286494, -0.8654975537665521]], "fy": 286.21496106152705, "fx": 592.6748388322128}, {"id": 5, "img_name": "rgb-0025.png", "width": 1920, "height": 1080, "position": [0.42248985900017433, -2.0160243201531065, 1.5951417950361715], "rotation": [[-0.9990482183044004, -0.02180968385798555, 0.037775589906950256], [1.5631202499639805e-08, 0.8660258516074373, 0.4999992243470112], [-0.04361946243138621, 0.4995233348279416, -0.8652015837130496]], "fy": 286.21496106152705, "fx": 592.6748388322128}, {"id": 6, "img_name": "rgb-0030.png", "width": 1920, "height": 1080, "position": [0.4060170407093294, -2.0160229058428056, 1.615320824409433], "rotation": [[-0.9986295343373638, -0.02616793892369868, 0.04532429946094552], [9.354798596753583e-09, 0.8660257908592291, 0.4999993295661973], [-0.052335964203784405, 0.49931409807768545, -0.8648389320051033]], "fy": 286.21496106152705, "fx": 592.6748388322128}, {"id": 7, "img_name": "rgb-0035.png", "width": 1920, "height": 1080, "position": [0.38922351452393616, -2.016026792418796, 1.6353409330684578], "rotation": [[-0.9981347900302545, -0.030524283499008473, 0.052869736599793854], [3.426502620431306e-08, 0.8660256425800369, 0.4999995863936617], [-0.06104867673634088, 0.49906698399183475, -0.8644103218715262]], "fy": 286.21496106152705, "fx": 592.6748388322128}, {"id": 8, "img_name": "rgb-0040.png", "width": 1920, "height": 1080, "position": [0.37211339417058165, -2.0160242620977185, 1.655182278539194], "rotation": [[-0.9975640382963042, -0.03487824906335101, 0.06041106885534098], [4.834948756131398e-08, 0.8660256651757449, 0.4999995472567017], [-0.06975664483020637, 0.4987815704285633, -0.8639160581346134]], "fy": 286.21496106152705, "fx": 592.6748388322128}, {"id": 9, "img_name": "rgb-0045.png", "width": 1920, "height": 1080, "position": [0.35468624019798073, -2.0160219900181353, 1.6748483563527583], "rotation": [[-0.9969173271064985, -0.03922956569483598, 0.06794765698851571], [-4.319462221828604e-08, 0.8660258567875851, 0.49999921537471137], [-0.07845917992709694, 0.4984578784117304, -0.8633561840483012]], "fy": 286.21496106152705, "fx": 592.6748388322128}, {"id": 10, "img_name": "rgb-0050.png", "width": 1920, "height": 1080, "position": [0.3369435147345265, -2.016028299430406, 1.6943394515716412], "rotation": [[-0.9961946952078862, -0.043577868279617106, 0.07547912715361142], [9.365867236756748e-08, 0.8660249981977917, 0.5000007024960128], [-0.08715577571026448, 0.49809805449601924, -0.862729505040614]], "fy": 286.21496106152705, "fx": 592.6748388322128}, {"id": 11, "img_name": "rgb-0055.png", "width": 1920, "height": 1080, "position": [0.3188889966627873, -2.0160249574456603, 1.7136437872094725], "rotation": [[-0.9953961810137227, -0.047922849257725074, 0.08300508021993382], [1.6040533795224928e-07, 0.8660252763099444, 0.5000002207922098], [-0.09584593274245162, 0.4976983235970417, -0.8620382450131919]], "fy": 286.21496106152705, "fx": 592.6748388322128}, {"id": 12, "img_name": "rgb-0060.png", "width": 1920, "height": 1080, "position": [0.3005222720377903, -2.0160268221269844, 1.7327694366458042], "rotation": [[-0.9945218863367964, -0.05226415384834261, 0.09052444873964614], [7.332362099631496e-08, 0.8660257219170333, 0.4999994489777724], [-0.10452854919635435, 0.49726040180231335, -0.861281530744917]], "fy": 286.21496106152705, "fx": 592.6748388322128}, {"id": 13, "img_name": "rgb-0065.png", "width": 1920, "height": 1080, "position": [0.281847360628695, -2.0160272772016903, 1.7516909973689363], "rotation": [[-0.9935718353365562, -0.05660173722358144, 0.09803698980088969], [1.8585808445513413e-08, 0.8660251127159659, 0.5000005041450442], [-0.11320339228992551, 0.4967864203946917, -0.8604581596367613]], "fy": 286.21496106152705, "fx": 592.6748388322128}, {"id": 14, "img_name": "rgb-0070.png", "width": 1920, "height": 1080, "position": [0.26286590255948217, -2.0160230069203227, 1.7704224511447901], "rotation": [[-0.9925461403072843, -0.060934633895876715, 0.10554207574748774], [3.864081916397037e-08, 0.8660256441925012, 0.4999995836007886], [-0.12186943571343668, 0.4962726609364443, -0.8595704081958323]], "fy": 286.21496106152705, "fx": 592.6748388322128}, {"id": 15, "img_name": "rgb-0075.png", "width": 1920, "height": 1080, "position": [0.243577774056058, -2.0160273097670114, 1.7889595675586074], "rotation": [[-0.9914448579197805, -0.0652631405067824, 0.1130390029840026], [-2.9223581655319957e-08, 0.8660253764180738, 0.5000000473999301], [-0.13052621845600415, 0.4957224726509028, -0.8586164081849647]], "fy": 286.21496106152705, "fx": 592.6748388322128}, {"id": 16, "img_name": "rgb-0080.png", "width": 1920, "height": 1080, "position": [0.22398726097171934, -2.0160270012056336, 1.8072846866806025], "rotation": [[-0.9902680679318646, -0.0695865835037874, 0.12052742854123401], [7.106096771343035e-08, 0.8660250259251339, 0.5000006544709376], [-0.13917310672140218, 0.495134690632399, -0.8575969242586353]], "fy": 286.21496106152705, "fx": 592.6748388322128}, {"id": 17, "img_name": "rgb-0085.png", "width": 1920, "height": 1080, "position": [0.20409655206051344, -2.0160217148337582, 1.8254081125692874], "rotation": [[-0.9890158680399841, -0.07390465899226484, 0.12800669570125733], [-8.415176762647486e-08, 0.8660258061021102, 0.4999993031646981], [-0.1478093798279059, 0.4945072340668311, -0.8565132705863131]], "fy": 286.21496106152705, "fx": 592.6748388322128}, {"id": 18, "img_name": "rgb-0090.png", "width": 1920, "height": 1080, "position": [0.18390449430609834, -2.0160261146413365, 1.8433244636140909], "rotation": [[-0.9876883253305271, -0.07821723392685732, 0.13547633122656683], [1.1896205680887599e-08, 0.8660255388860465, 0.499999765997078], [-0.1564345614171594, 0.49384393315496367, -0.855363313265338]], "fy": 286.21496106152705, "fx": 592.6748388322128}, {"id": 19, "img_name": "rgb-0095.png", "width": 1920, "height": 1080, "position": [0.16341726979810356, -2.0160249021534047, 1.8610182979237713], "rotation": [[-0.9862855903367461, -0.0825237565569919, 0.1429355235685598], [8.05992607291917e-08, 0.8660254422469957, 0.4999999333808846], [-0.16504767279210417, 0.4931427409833971, -0.8541484079018659]], "fy": 286.21496106152705, "fx": 592.6748388322128}, {"id": 20, "img_name": "rgb-0100.png", "width": 1920, "height": 1080, "position": [0.14263520421392026, -2.0160271339848763, 1.8785036368699366], "rotation": [[-0.9848077375178096, -0.08682416547961004, 0.15038379039584782], [-7.49520328363775e-08, 0.8660255075676008, 0.49999982024224127], [-0.17364826553999144, 0.4924036804605023, -0.8528686272480095]], "fy": 286.21496106152705, "fx": 592.6748388322128}, {"id": 21, "img_name": "rgb-0105.png", "width": 1920, "height": 1080, "position": [0.12156126767160465, -2.0160246291393555, 1.8957582190262559], "rotation": [[-0.9832549030793246, -0.09111777309010162, 0.15782061651624985], [-1.2578434422469297e-07, 0.8660257486782496, 0.49999940262590487], [-0.1822355496890017, 0.4916268443172914, -0.851524075042021]], "fy": 286.21496106152705, "fx": 592.6748388322128}, {"id": 22, "img_name": "rgb-0110.png", "width": 1920, "height": 1080, "position": [0.10019715056063289, -2.016022464758184, 1.9127864653399933], "rotation": [[-0.9816271785618587, -0.09540441089610269, 0.16524551639984728], [-7.842400403781652e-08, 0.8660259061552784, 0.49999912986716544], [-0.1908090205118155, 0.49081272217567506, -0.850114574302679]], "fy": 286.21496106152705, "fx": 592.6748388322128}, {"id": 23, "img_name": "rgb-0115.png", "width": 1920, "height": 1080, "position": [0.07854504979245974, -2.0160274327670655, 1.9295910042446145], "rotation": [[-0.9799246881817104, -0.09968403875040015, 0.17265774790141], [1.8786990171376826e-08, 0.8660252674315183, 0.5000002361701117], [-0.19936801521803282, 0.48996257876349747, -0.8486395382725495]], "fy": 286.21496106152705, "fx": 592.6748388322128}, {"id": 24, "img_name": "rgb-0120.png", "width": 1920, "height": 1080, "position": [0.05660683055000105, -2.0160249966827037, 1.9461564088185694], "rotation": [[-0.9781474854465058, -0.103955888487621, 0.18005740741060094], [2.2118897578212934e-07, 0.8660255169249192, 0.49999980403483935], [-0.20791223320100455, 0.48907359086713725, -0.8471006587187235]], "fy": 286.21496106152705, "fx": 592.6748388322128}, {"id": 25, "img_name": "rgb-0125.png", "width": 1920, "height": 1080, "position": [0.032728206357588635, -2.0289650180549086, 1.9621136748144987], "rotation": [[-0.9762961625593758, -0.10821960472153994, 0.18744151121283265], [-8.518194259798254e-08, 0.8660252002462318, 0.5000003525383423], [-0.21643891279487978, 0.4881484094948867, -0.8454970888984671]], "fy": 286.21496106152705, "fx": 592.6748388322128}, {"id": 26, "img_name": "rgb-0130.png", "width": 1920, "height": 1080, "position": [0.005360307835866461, -2.0410251267539636, 1.977073460632879], "rotation": [[-0.9743700402750612, -0.11247538508150745, 0.19481353229470957], [5.255057902207855e-08, 0.8660257908962554, 0.4999993295020625], [-0.22495116050905908, 0.4871843770619922, -0.8438295788441798]], "fy": 286.21496106152705, "fx": 592.6748388322128}, {"id": 27, "img_name": "rgb-0135.png", "width": 1920, "height": 1080, "position": [-0.025128261873818235, -2.0513818502872, 1.9910038136712516], "rotation": [[-0.9723700797240322, -0.11672252233808614, 0.20216894132510682], [-1.5521415680591848e-07, 0.8660253010825202, 0.5000001778848747], [-0.23344470021282432, 0.48618518145246403, -0.8420971091736269]], "fy": 286.21496106152705, "fx": 592.6748388322128}, {"id": 28, "img_name": "rgb-0140.png", "width": 1920, "height": 1080, "position": [-0.05820241682156645, -2.059329627587311, 2.0039743826694085], "rotation": [[-0.9702956139548279, -0.1209610774255992, 0.20951095266849787], [1.7753076248247755e-07, 0.8660252759690511, 0.5000002213826483], [-0.24192234609475793, 0.4851480589786658, -0.8403005053724775]], "fy": 286.21496106152705, "fx": 592.6748388322128}, {"id": 29, "img_name": "rgb-0145.png", "width": 1920, "height": 1080, "position": [-0.09314810254936795, -2.064324121194519, 2.0160881492362708], "rotation": [[-0.9681475563255768, -0.125190159564798, 0.21683572844195811], [1.4224383270089315e-07, 0.8660251402272982, 0.5000004564940599], [-0.25038032906119834, 0.48407425095994205, -0.8384401054200455]], "fy": 286.21496106152705, "fx": 592.6748388322128}, {"id": 30, "img_name": "rgb-0150.png", "width": 1920, "height": 1080, "position": [-0.12916201117254456, -2.066024804401923, 2.027511854260503], "rotation": [[-0.9659256369378675, -0.12940965266611335, 0.22414460890909457], [3.790276717943698e-07, 0.8660251944460025, 0.5000003625844888], [-0.2588197517695112, 0.4829632536555963, -0.8365158884996561]], "fy": 286.21496106152705, "fx": 592.6748388322128}, {"id": 31, "img_name": "rgb-0155.png", "width": 1920, "height": 1080, "position": [-0.1653783302415663, -2.064319934529611, 2.038463298321354], "rotation": [[-0.9636304531668872, -0.13361921010837294, 0.23143520998195932], [-1.2851998781731507e-08, 0.8660253794393106, 0.5000000421669959], [-0.2672383762287501, 0.4818152642424401, -0.8345284305604023]], "fy": 286.21496106152705, "fx": 592.6748388322128}, {"id": 32, "img_name": "rgb-0160.png", "width": 1920, "height": 1080, "position": [-0.20095013882012186, -2.0593255704954485, 2.0491843182324434], "rotation": [[-0.961261604283197, -0.1378186851029223, 0.23870931730327527], [1.217701286719555e-07, 0.8660255111416333, 0.49999981405182337], [-0.27563767545616724, 0.4806306524644202, -0.8324770554079829]], "fy": 286.21496106152705, "fx": 592.6748388322128}, {"id": 33, "img_name": "rgb-0165.png", "width": 1920, "height": 1080, "position": [-0.23508252777253916, -2.0513815599987932, 2.0599161681289333], "rotation": [[-0.9588198838460499, -0.1420075627906478, 0.24596398608679998], [1.824999191467168e-08, 0.866025084502937, 0.5000005530113745], [-0.2840148417626216, 0.4794104766501675, -0.8303620683392346]], "fy": 286.21496106152705, "fx": 592.6748388322128}, {"id": 34, "img_name": "rgb-0170.png", "width": 1920, "height": 1080, "position": [-0.2671182694131484, -2.0410256710142445, 2.0709193601923697], "rotation": [[-0.9563047138647672, -0.14618586730836655, 0.25320147400701754], [-2.3832799602960994e-08, 0.8660255492013137, 0.49999974813049897], [-0.29237184241993136, 0.4781521100338925, -0.8281843185125586]], "fy": 286.21496106152705, "fx": 592.6748388322128}, {"id": 35, "img_name": "rgb-0175.png", "width": 1920, "height": 1080, "position": [-0.2965441665617134, -2.028966572453605, 2.0823962483699137], "rotation": [[-0.9537169154113934, -0.15035291510557527, 0.2604189819837121], [1.605167501652648e-07, 0.8660252273492706, 0.5000003055945252], [-0.3007059115783252, 0.47685879095797323, -0.8259428843618355]], "fy": 286.21496106152705, "fx": 592.6748388322128}, {"id": 36, "img_name": "rgb-0180.png", "width": 1920, "height": 1080, "position": [-0.32306096241446974, -2.016029257067598, 2.0945440061290936], "rotation": [[-0.9510566136762786, -0.15450845022815912, 0.26761624836826087], [9.886631919198896e-08, 0.8660250594010789, 0.5000005964889929], [-0.3090166946664863, 0.4755289005911742, -0.823638845077106]], "fy": 286.21496106152705, "fx": 592.6748388322128}, {"id": 37, "img_name": "rgb-0185.png", "width": 1920, "height": 1080, "position": [-0.3465787910461374, -2.0030832051974956, 2.1074627121500225], "rotation": [[-0.9483238607946854, -0.15865203163396754, 0.2747933549157929], [-2.4944622330236674e-07, 0.8660257571624133, 0.4999993879308321], [-0.3173040419651161, 0.4741612814113817, -0.8212729291550503]], "fy": 286.21496106152705, "fx": 592.6748388322128}, {"id": 38, "img_name": "rgb-0190.png", "width": 1920, "height": 1080, "position": [-0.3672376820100246, -1.991021919112779, 2.121196520513451], "rotation": [[-0.9455184417619628, -0.16278389663911716, 0.28195084550860083], [7.028277696458451e-08, 0.8660259666210393, 0.4999990251371391], [-0.32556854314878875, 0.47275831894645665, -0.8188435110440183]], "fy": 286.21496106152705, "fx": 592.6748388322128}, {"id": 39, "img_name": "rgb-0195.png", "width": 1920, "height": 1080, "position": [-0.38537694248199106, -1.9806717235615676, 2.1357184487831917], "rotation": [[-0.9426415288119517, -0.16690353580049028, 0.2890850357530829], [3.54047982388975e-08, 0.866025078023676, 0.5000005642337668], [-0.3338067527163966, 0.4713213065111536, -0.8163511976285415]], "fy": 286.21496106152705, "fx": 592.6748388322128}, {"id": 40, "img_name": "rgb-0200.png", "width": 1920, "height": 1080, "position": [-0.40153519658045167, -1.9727248710514251, 2.1509072996808203], "rotation": [[-0.9396927714205446, -0.17100990603408486, 0.2961977504610557], [-5.592803104493966e-09, 0.8660253417437673, 0.5000001074575796], [-0.34201972946012377, 0.46984648503080745, -0.8137977544600495]], "fy": 286.21496106152705, "fx": 592.6748388322128}, {"id": 41, "img_name": "rgb-0205.png", "width": 1920, "height": 1080, "position": [-0.41639316386824743, -1.9677299450795396, 2.1665769644905453], "rotation": [[-0.9366723083530268, -0.1751035689561177, 0.3032881911704481], [-3.0942429290748196e-07, 0.8660257555833024, 0.49999939066590326], [-0.35020706269936414, 0.46833548958540444, -0.8111823977566842]], "fy": 286.21496106152705, "fx": 592.6748388322128}, {"id": 42, "img_name": "rgb-0210.png", "width": 1920, "height": 1080, "position": [-0.4307322170604565, -1.9660266873837924, 2.18245760249355], "rotation": [[-0.9335803891242886, -0.17918397896849625, 0.31035585820725037], [4.188802675160256e-08, 0.8660254208896041, 0.499999970372981], [-0.35836804690504936, 0.46679017990313504, -0.8085043419199796]], "fy": 286.21496106152705, "fx": 592.6748388322128}, {"id": 43, "img_name": "rgb-0215.png", "width": 1920, "height": 1080, "position": [-0.4453758050624143, -1.9677283442843228, 2.1982498433349393], "rotation": [[-0.9304178062044715, -0.18325058161650953, 0.3173986928688732], [-1.8057608564294126e-07, 0.8660252066598229, 0.5000003414296618], [-0.36650062196076244, 0.46520916345985913, -0.8057653059888793]], "fy": 286.21496106152705, "fx": 592.6748388322128}, {"id": 44, "img_name": "rgb-0220.png", "width": 1920, "height": 1080, "position": [-0.46114900440047346, -1.972722404798952, 2.2136249946688555], "rotation": [[-0.9271840943585818, -0.18730320948794293, 0.32441819135796346], [-9.253401105850748e-08, 0.8660251953628821, 0.5000003609965432], [-0.37460599990983573, 0.4635923518698274, -0.802964803786165]], "fy": 286.21496106152705, "fx": 592.6748388322128}, {"id": 45, "img_name": "rgb-0225.png", "width": 1920, "height": 1080, "position": [-0.4788040352756982, -1.9806692418846878, 2.2282418708124214], "rotation": [[-0.9238793992379111, -0.1913418103622828, 0.33141389118605225], [1.1120675028430411e-07, 0.8660253701686315, 0.500000058224269], [-0.3826837541153059, 0.4619397902666201, -0.800102977437684]], "fy": 286.21496106152705, "fx": 592.6748388322128}, {"id": 46, "img_name": "rgb-0230.png", "width": 1920, "height": 1080, "position": [-0.4989624314409397, -1.991022680891639, 2.2417740836593256], "rotation": [[-0.9205046445337153, -0.19536552424992396, 0.3383836747338891], [1.0783590902580723e-07, 0.8660256994851906, 0.4999994878309119], [-0.3907316206705652, 0.4602518873027445, -0.7971806575942587]], "fy": 286.21496106152705, "fx": 592.6748388322128}, {"id": 47, "img_name": "rgb-0235.png", "width": 1920, "height": 1080, "position": [-0.5221013047145739, -2.0030883752905817, 2.2539485477792263], "rotation": [[-0.9170599044074689, -0.19937487297805007, 0.3453270793800435], [2.030080635596021e-07, 0.866024963211926, 0.500000763093159], [-0.39874945984681054, 0.4585307221100554, -0.7941967295029034]], "fy": 286.21496106152705, "fx": 592.6748388322128}, {"id": 48, "img_name": "rgb-0240.png", "width": 1920, "height": 1080, "position": [-0.5484924321137362, -2.0160242605305125, 2.2645471479451156], "rotation": [[-0.913545652797164, -0.20336813633107678, 0.35224386634919286], [-2.160120606866509e-07, 0.8660255981713586, 0.49999966331178053], [-0.4067362047511345, 0.4567724427295994, -0.7911539643504785]], "fy": 286.21496106152705, "fx": 592.6748388322128}, {"id": 49, "img_name": "rgb-0245.png", "width": 1920, "height": 1080, "position": [-0.567037385285726, -2.0176883062397137, 2.261087032509992], "rotation": [[-0.9117621420401019, -0.20535924336353154, 0.355692813404492], [-1.766371061227802e-07, 0.8660257033792754, 0.49999948108613074], [-0.4107186340335847, 0.4558805350654807, -0.7896094866489366]], "fy": 286.21496106152705, "fx": 592.6748388322128}, {"id": 50, "img_name": "rgb-0250.png", "width": 1920, "height": 1080, "position": [-0.5855478423672084, -2.0193587917442826, 2.2574723151556424], "rotation": [[-0.9099612311850381, -0.20734655115169498, 0.35913502400309927], [6.158637069048598e-08, 0.866025494545326, 0.4999998427974946], [-0.4146933297512818, 0.4549804946621565, -0.788049612484375]], "fy": 286.21496106152705, "fx": 592.6748388322128}, {"id": 51, "img_name": "rgb-0255.png", "width": 1920, "height": 1080, "position": [-0.6039983197944799, -2.021028056610478, 2.2536557588921426], "rotation": [[-0.9081429211452673, -0.20933022369191653, 0.3625703962306259], [3.1407233683761877e-07, 0.8660249516222912, 0.5000007831668962], [-0.41866028564176266, 0.45407228567343805, -0.7864743636061238]], "fy": 286.21496106152705, "fx": 592.6748388322128}, {"id": 52, "img_name": "rgb-0260.png", "width": 1920, "height": 1080, "position": [-0.6223682438150654, -2.022689951482439, 2.2496015276771835], "rotation": [[-0.9063075607772185, -0.21130916757904503, 0.365998689854348], [1.3159786136197557e-07, 0.8660255439616158, 0.49999975720591083], [-0.42261874695525614, 0.45315360850713543, -0.7848854705107815]], "fy": 286.21496106152705, "fx": 592.6748388322128}, {"id": 53, "img_name": "rgb-0265.png", "width": 1920, "height": 1080, "position": [-0.640646296790225, -2.024357318360093, 2.245279137310304], "rotation": [[-0.9044546976155756, -0.21328451760282952, 0.3694203764169567], [2.6097245482816407e-07, 0.8660255698683091, 0.49999971233411955], [-0.42656968945419643, 0.4522271850355734, -0.783280839261214]], "fy": 286.21496106152705, "fx": 592.6748388322128}, {"id": 54, "img_name": "rgb-0270.png", "width": 1920, "height": 1080, "position": [-0.6588017305545436, -2.0260260335721285, 2.2406538155028146], "rotation": [[-0.9025854998865993, -0.2152554487703007, 0.37283308218176386], [-2.121733845222252e-07, 0.8660254568114444, 0.4999999081544751], [-0.4305106449257816, 0.4512925879396038, -0.7816620655221553]], "fy": 286.21496106152705, "fx": 592.6748388322128}, {"id": 55, "img_name": "rgb-0275.png", "width": 1920, "height": 1080, "position": [-0.6768245981136324, -2.027689781251836, 2.235685097298858], "rotation": [[-0.9006984058161223, -0.21722257333071918, 0.3762402628585578], [-8.843860785173714e-08, 0.8660253396864983, 0.500000111020865], [-0.43444491222741755, 0.450349269630212, -0.7800276620628567]], "fy": 286.21496106152705, "fx": 592.6748388322128}, {"id": 56, "img_name": "rgb-0280.png", "width": 1920, "height": 1080, "position": [-0.69470440074473, -2.0293628242264603, 2.230367509400975], "rotation": [[-0.898794061350592, -0.21918574270573876, 0.3796404160194772], [2.442912426042753e-07, 0.8660249100376038, 0.5000008551935692], [-0.4383711159290132, 0.44939789206102626, -0.7783779925783217]], "fy": 286.21496106152705, "fx": 592.6748388322128}, {"id": 57, "img_name": "rgb-0285.png", "width": 1920, "height": 1080, "position": [-0.7124140295313011, -2.031024883017136, 2.224664467958304], "rotation": [[-0.8968726080712649, -0.22114449424054144, 0.3830334679352995], [4.57477878523463e-08, 0.8660253393676537, 0.5000001115731252], [-0.44228896085189034, 0.44843642162544617, -0.7767143946575985]], "fy": 286.21496106152705, "fx": 592.6748388322128}, {"id": 58, "img_name": "rgb-0290.png", "width": 1920, "height": 1080, "position": [-0.7299483002945634, -2.0326893857573367, 2.2185682983157275], "rotation": [[-0.8949339753140299, -0.22309904882033818, 0.3864194537598854], [2.422044413262913e-07, 0.8660254780611983, 0.49999987134879814], [-0.44619858788276007, 0.4474669661151911, -0.7750355697689606]], "fy": 286.21496106152705, "fx": 592.6748388322128}, {"id": 59, "img_name": "rgb-0295.png", "width": 1920, "height": 1080, "position": [-0.747291238709993, -2.0343589709570273, 2.212071473459198], "rotation": [[-0.8929791871442077, -0.22504904859026612, 0.3897962250405794], [-1.617706038704856e-07, 0.8660254746594159, 0.49999987724089207], [-0.4500979574795289, 0.44648942089320476, -0.7733427608138624]], "fy": 286.21496106152705, "fx": 592.6748388322128}]