[{"id": 0, "img_name": "0.jpg", "width": 1296, "height": 968, "position": [2.55023028186565, -0.7472512322849373, 3.2794067647652905], "rotation": [[-0.9554203439893373, 0.1196157597193091, -0.26993235633707174], [0.29524729449004256, 0.38833864028807596, -0.8729381864776035], [0.00040765139029467275, -0.9137208357643304, -0.4063434872106786]], "fy": 821.8034584888061, "fx": 749.0382453913019}, {"id": 1, "img_name": "10.jpg", "width": 1296, "height": 968, "position": [2.340557213859666, -1.0109194919309432, 3.3392699663095624], "rotation": [[-0.9416322556053363, 0.17789425133496858, -0.28580141476565246], [0.3356115833468287, 0.4296293218148839, -0.8383220826834805], [-0.026343637686887904, -0.8853094954993233, -0.46425579649539533]], "fy": 821.8034584888061, "fx": 749.0382453913019}, {"id": 2, "img_name": "20.jpg", "width": 1296, "height": 968, "position": [2.041733171736901, -1.5336317113161013, 3.315840626039042], "rotation": [[-0.9311621211108054, 0.24399083586857281, -0.2709331007507028], [0.36193446655496064, 0.5288090130791239, -0.7677002940598905], [-0.04404029671955995, -0.8129143631038863, -0.5807158727574888]], "fy": 821.8034584888061, "fx": 749.0382453913019}, {"id": 3, "img_name": "30.jpg", "width": 1296, "height": 968, "position": [2.0785921355687833, -1.7743947987540374, 3.2492348700313696], "rotation": [[-0.9163203389822087, 0.2366767253835959, -0.3230194188274041], [0.4004461706669604, 0.5426398434794466, -0.7383666746239824], [0.0005287805688658438, -0.8059314904988258, -0.5920084564302835]], "fy": 821.8034584888061, "fx": 749.0382453913019}, {"id": 4, "img_name": "40.jpg", "width": 1296, "height": 968, "position": [1.9227006081032025, -1.815226538828763, 3.4306425076374634], "rotation": [[-0.888398706553355, 0.27652415898384575, -0.3664463505033855], [0.45845807690693885, 0.4930965661221152, -0.7393727964218982], [-0.023761326240948195, -0.8248577198652381, -0.5648402258947]], "fy": 821.8034584888061, "fx": 749.0382453913019}, {"id": 5, "img_name": "50.jpg", "width": 1296, "height": 968, "position": [1.5783018877085808, -1.9775450811873323, 3.539126975673345], "rotation": [[-0.8379172922298748, 0.34018918917520746, -0.42680973496410646], [0.5442935587413066, 0.4628184777435369, -0.6996737902310948], [-0.04048653818799778, -0.8185788742079155, -0.5729662917582433]], "fy": 821.8034584888061, "fx": 749.0382453913019}, {"id": 6, "img_name": "60.jpg", "width": 1296, "height": 968, "position": [1.8770232911889013, -1.6786012180344068, 3.5723408140200283], "rotation": [[-0.8629664115081405, 0.2566979658395258, -0.4351958043993775], [0.5052465291189675, 0.4316964030410714, -0.7472379639974679], [-0.003942129686505903, -0.8647224601174796, -0.5022348601094483]], "fy": 821.8034584888061, "fx": 749.0382453913019}, {"id": 7, "img_name": "70.jpg", "width": 1296, "height": 968, "position": [2.0726530338890097, -1.321157977160223, 3.6550744973172353], "rotation": [[-0.8864595231629462, 0.21355347182632062, -0.41059105773767984], [0.4626008690852492, 0.38240995731016153, -0.7998517020465232], [-0.013796688902847763, -0.8989757498043273, -0.43778058761598276]], "fy": 821.8034584888061, "fx": 749.0382453913019}, {"id": 8, "img_name": "80.jpg", "width": 1296, "height": 968, "position": [2.342467060128446, -1.167895504031169, 3.604943534597952], "rotation": [[-0.8956045248412243, 0.17032973959752457, -0.41095145386723325], [0.4448183638782605, 0.35414224288650914, -0.8226294908011159], [0.00541726640874385, -0.9195499789611855, -0.3929367584729479]], "fy": 821.8034584888061, "fx": 749.0382453913019}, {"id": 9, "img_name": "90.jpg", "width": 1296, "height": 968, "position": [2.414641636692487, -1.033188390616487, 3.677512524203172], "rotation": [[-0.898059662995724, 0.18171869072732003, -0.4005843926603287], [0.439162733217787, 0.3186270105426436, -0.8400072476734818], [-0.025008545329492437, -0.930298778188872, -0.36595024879587046]], "fy": 821.8034584888061, "fx": 749.0382453913019}, {"id": 10, "img_name": "100.jpg", "width": 1296, "height": 968, "position": [2.735145711598047, -0.4589208658100309, 3.6271348011795035], "rotation": [[-0.924644821654298, 0.11126563408577032, -0.36421394593537953], [0.380378512910672, 0.2232651608758548, -0.8974764614908716], [-0.01854117781323912, -0.968387099581508, -0.24876469129636425]], "fy": 821.8034584888061, "fx": 749.0382453913019}, {"id": 11, "img_name": "110.jpg", "width": 1296, "height": 968, "position": [2.897289755574996, -0.07354223012561421, 3.5050248594247613], "rotation": [[-0.9378629426646462, 0.06676140780730337, -0.34052322062557744], [0.34695290264358447, 0.16327874221306804, -0.9235606347387207], [-0.006057539255090952, -0.9843190431380602, -0.17629640788006293]], "fy": 821.8034584888061, "fx": 749.0382453913019}, {"id": 12, "img_name": "120.jpg", "width": 1296, "height": 968, "position": [3.006173581518157, 0.2863034035273134, 3.3225545481999643], "rotation": [[-0.9413226349182485, 0.02618211054899123, -0.33649178772479205], [0.33746720322994656, 0.08871389212495542, -0.937147378110636], [0.005315142254758039, -0.9957129572031631, -0.09234399921254163]], "fy": 821.8034584888061, "fx": 749.0382453913019}, {"id": 13, "img_name": "130.jpg", "width": 1296, "height": 968, "position": [3.029015431955142, 0.5352400015513338, 3.2257453106577167], "rotation": [[-0.9481828566696087, 0.01596439300007327, -0.3173251747043282], [0.3177250343703026, 0.05061866611234891, -0.9468306358932279], [0.0009462006259082041, -0.9985909260301816, -0.05306759485053727]], "fy": 821.8034584888061, "fx": 749.0382453913019}, {"id": 14, "img_name": "140.jpg", "width": 1296, "height": 968, "position": [3.0596659451186268, 0.7460436657665874, 3.1675359403586287], "rotation": [[-0.9637732396938734, 0.017826659511567686, -0.2661253690114199], [0.2666093981554418, 0.03548991269702312, -0.963150878061862], [-0.0077253132756605475, -0.9992110446535016, -0.03895717882987884]], "fy": 821.8034584888061, "fx": 749.0382453913019}]