{
 "cells": [
  {
   "cell_type": "code",
   "execution_count": 1,
   "metadata": {},
   "outputs": [
    {
     "name": "stdout",
     "output_type": "stream",
     "text": [
      "Jupyter environment detected. Enabling Open3D WebVisualizer.\n",
      "[Open3D INFO] WebRTC GUI backend enabled.\n",
      "[Open3D INFO] WebRTCWindowSystem: HTTP handshake server disabled.\n"
     ]
    }
   ],
   "source": [
    "import sys\n",
    "import torch\n",
    "import os\n",
    "from os import makedirs\n",
    "import numpy as np\n",
    "import open3d as o3d\n",
    "from random import randint\n",
    "from scipy.spatial.transform import Rotation\n",
    "from tqdm import tqdm\n",
    "import matplotlib.pyplot as plt\n",
    "import cv2\n",
    "\n",
    "np.set_printoptions(suppress=True)\n"
   ]
  },
  {
   "cell_type": "code",
   "execution_count": 2,
   "metadata": {},
   "outputs": [],
   "source": [
    "def getWorld2View2(R, t, translate=np.array([.0, .0, .0]), scale=1.0):\n",
    "    Rt = np.zeros((4, 4))\n",
    "    Rt[:3, :3] = R.transpose()\n",
    "    Rt[:3, 3] = t\n",
    "    Rt[3, 3] = 1.0\n",
    "\n",
    "    C2W = np.linalg.inv(Rt)\n",
    "    cam_center = C2W[:3, 3]\n",
    "    cam_center = (cam_center + translate) * scale\n",
    "    C2W[:3, 3] = cam_center\n",
    "    Rt = np.linalg.inv(C2W)\n",
    "    return np.float32(Rt)\n",
    "\n",
    "def qvec2rotmat(qvec):\n",
    "    return np.array([\n",
    "        [1 - 2 * qvec[2]**2 - 2 * qvec[3]**2,\n",
    "         2 * qvec[1] * qvec[2] - 2 * qvec[0] * qvec[3],\n",
    "         2 * qvec[3] * qvec[1] + 2 * qvec[0] * qvec[2]],\n",
    "        [2 * qvec[1] * qvec[2] + 2 * qvec[0] * qvec[3],\n",
    "         1 - 2 * qvec[1]**2 - 2 * qvec[3]**2,\n",
    "         2 * qvec[2] * qvec[3] - 2 * qvec[0] * qvec[1]],\n",
    "        [2 * qvec[3] * qvec[1] - 2 * qvec[0] * qvec[2],\n",
    "         2 * qvec[2] * qvec[3] + 2 * qvec[0] * qvec[1],\n",
    "         1 - 2 * qvec[1]**2 - 2 * qvec[2]**2]])"
   ]
  },
  {
   "cell_type": "code",
   "execution_count": 3,
   "metadata": {},
   "outputs": [
    {
     "name": "stdout",
     "output_type": "stream",
     "text": [
      "RGB Camera Parameters:\n",
      "{'resolution': (1920, 1080), 'cx,cy,fx,fy': (959.5, 539.5, 960.0, 960.0), 'k1,k2,k3,p1,p2': (0.0, 0.0, 0.0, 0.0, 0.0), 'vFov': 58.7155, 'hFov': 90.0}\n",
      "\n",
      "Depth Camera Parameters:\n",
      "{'resolution': (512, 424), 'cx,cy,fx,fy': (255.5, 211.5, 256.0, 256.0), 'k1,k2,k3,p1,p2': (0.0, 0.0, 0.0, 0.0, 0.0), 'vFov': 79.2579, 'hFov': 89.9999}\n",
      "\n",
      "Relative Positions of Camera Components:\n",
      "{}\n"
     ]
    }
   ],
   "source": [
    "# Camera Intrinsics\n",
    "rgb_camera_params = {}\n",
    "depth_camera_params = {}\n",
    "relative_positions = {}\n",
    "\n",
    "def readRGBDConfig(config_file):\n",
    "    # Define dictionaries to hold camera parameters\n",
    "    # rgb_camera_params = {}\n",
    "    # depth_camera_params = {}\n",
    "    # relative_positions = {}\n",
    "    \n",
    "    with open(config_file, 'r') as file:\n",
    "        data = file.read().split('\\n\\n')\n",
    "    \n",
    "        # Read RGB camera parameters\n",
    "        rgb_data = data[0].split('\\n')\n",
    "        for line in rgb_data[1:4]:\n",
    "            key, value = line.split('=')\n",
    "            if ',' in value:\n",
    "                value = tuple(map(float, value.split(',')))\n",
    "            else:\n",
    "                value = tuple(map(int, value.split('x')))\n",
    "            rgb_camera_params[key] = value\n",
    "\n",
    "        vFOV, hFOV = rgb_data[4].split(',')\n",
    "        key, value = vFOV.split('=')\n",
    "        rgb_camera_params[key] = float(value.strip('°'))\n",
    "        key, value = hFOV.split('=')\n",
    "        rgb_camera_params[key.strip(' ')] = float(value.strip('°'))\n",
    "\n",
    "        # Read Depth camera parameters\n",
    "        depth_data = data[1].split('\\n')\n",
    "        for line in depth_data[1:4]:\n",
    "            key, value = line.split('=')\n",
    "            if ',' in value:\n",
    "                value = tuple(map(float, value.split(',')))\n",
    "            else:\n",
    "                value = tuple(map(int, value.split('x')))\n",
    "            depth_camera_params[key] = value\n",
    "\n",
    "        vFOV, hFOV = depth_data[4].split(',')\n",
    "        key, value = vFOV.split('=')\n",
    "        depth_camera_params[key] = float(value.strip('°'))\n",
    "        key, value = hFOV.split('=')\n",
    "        depth_camera_params[key.strip(' ')] = float(value.strip('°'))\n",
    "\n",
    "    \n",
    "        # Read relative positions of camera components\n",
    "#         rel_pos_data = data[2].split('\\n')\n",
    "#         for line in rel_pos_data[1:]:\n",
    "#             key, value = line.split(': ')\n",
    "#             value = tuple(map(float, value.strip('(').strip(')').split(',')))\n",
    "#             relative_positions[key] = value\n",
    "\n",
    "        # return rgb_camera_params, depth_camera_params, relative_positions\n",
    "    \n",
    "    # Access the loaded camera parameters\n",
    "    print(\"RGB Camera Parameters:\")\n",
    "    print(rgb_camera_params)\n",
    "    \n",
    "    print(\"\\nDepth Camera Parameters:\")\n",
    "    print(depth_camera_params)\n",
    "    \n",
    "    print(\"\\nRelative Positions of Camera Components:\")\n",
    "    print(relative_positions)\n",
    "\n",
    "#config_file = \"/home/presnov/Desktop/data/Workspace/PolyRep/synthData/SyntheticV2/configuration.txt\"#tableScene-v12/config/configuration.txt\"#\"G:\\\\Universitat Siegen\\\\SA\\\\P-GPU\\\\Code\\\\gaussian-splatting\\\\data\\\\RGBD_Data\\\\config\\\\configuration.txt\"\n",
    "# config_file = \"/home/presnov/Desktop/data/Workspace/PolyRep/tableScene-v12/config/configuration.txt\"\n",
    "config_file = \"G:\\\\Universitat Siegen\\\\SA\\\\P-GPU\\\\Code\\\\gaussian-splatting\\\\data\\\\RGBD_Data\\\\SyntheticV1\\\\config\\\\configuration.txt\"\n",
    "\n",
    "readRGBDConfig(config_file)"
   ]
  },
  {
   "cell_type": "code",
   "execution_count": 4,
   "metadata": {},
   "outputs": [
    {
     "name": "stderr",
     "output_type": "stream",
     "text": [
      "100%|██████████| 601/601 [00:00<00:00, 14690.44it/s]\n"
     ]
    }
   ],
   "source": [
    "# Camera Extrinsics\n",
    "#directory = \"/home/presnov/Desktop/data/Workspace/PolyRep/synthData/SyntheticV2/trajectory\"#tableScene-v12/config\"#\"G:\\\\Universitat Siegen\\\\SA\\\\P-GPU\\\\Code\\\\gaussian-splatting\\\\data\\\\RGBD_Data\\\\config\"\n",
    "# directory = \"/home/presnov/Desktop/data/Workspace/PolyRep/tableScene-v12/config\"\n",
    "directory = \"G:\\\\Universitat Siegen\\\\SA\\\\P-GPU\\\\Code\\\\gaussian-splatting\\\\data\\\\RGBD_Data\\\\SyntheticV1\\\\config\"\n",
    "\n",
    "\n",
    "config_files = os.listdir(directory)\n",
    "config_files.sort()\n",
    "\n",
    "extrinsics = {}\n",
    "\n",
    "# config_files[:5]\n",
    "# for config_index in tqdm(range(5)):\n",
    "for config_index in tqdm(range(len(config_files))):\n",
    "    file = config_files[config_index]\n",
    "    if file.startswith(\"campose-rgb-\"):#campose-tof-\"):#\n",
    "        frame_id = file.split('-')[2].split('.')[0]\n",
    "        config_file = os.path.join(directory, file)\n",
    "        # print(config_file)\n",
    "        \n",
    "        with open(config_file, 'r') as file:\n",
    "            lines = file.readlines()\n",
    "\n",
    "            # Extracting position\n",
    "            position_str = lines[0].replace('position=', '').split('\\n')[0]\n",
    "            position = np.array([float(i) for i in position_str.strip('()').split(',')])\n",
    "\n",
    "            # Extracting rotation as a quaternion\n",
    "            rotation_str = lines[1].replace('rotation_as_quaternion=', '').split('\\n')[0]\n",
    "            rotation = np.array([float(i) for i in rotation_str.strip('()').split(',')])\n",
    "\n",
    "            # Extracting the 4x4 pose matrix\n",
    "            pose_str = lines[3:]\n",
    "            pose = np.array([[float(i) for i in row.strip('(').split(')')[0].split(',')] for row in pose_str if row != ''])    \n",
    "\n",
    "            # print('Position:', position)\n",
    "            # print('Rotation:',rotation)\n",
    "            # print('Pose:',pose)\n",
    "            extrinsics[frame_id] = pose#np.linalg.inv(pose)\n",
    "            #print(extrinsics[frame_id])"
   ]
  },
  {
   "cell_type": "code",
   "execution_count": 5,
   "metadata": {},
   "outputs": [
    {
     "name": "stdout",
     "output_type": "stream",
     "text": [
      "300\n"
     ]
    }
   ],
   "source": [
    "print(len(extrinsics))\n"
   ]
  },
  {
   "cell_type": "code",
   "execution_count": 6,
   "metadata": {},
   "outputs": [
    {
     "name": "stdout",
     "output_type": "stream",
     "text": [
      "Number of files: 100\n"
     ]
    }
   ],
   "source": [
    "# Directory where your images are stored\n",
    "#directory = \"/home/presnov/Desktop/data/Workspace/PolyRep/synthData/SyntheticV2/gt_depth/\"#\"#tableScene-v12/rgb\"#tof-depth\"#\"G:\\\\Universitat Siegen\\\\SA\\\\P-GPU\\\\Code\\\\gaussian-splatting\\\\data\\\\RGBD_Data\\\\rgb\"\n",
    "# directory = \"/home/presnov/Desktop/data/Workspace/PolyRep/tableScene-v12/rgb\"#tof-depth\"\n",
    "# ply_path = \"G:\\\\Universitat Siegen\\\\SA\\\\P-GPU\\\\Code\\\\gaussian-splatting\\\\data\\\\RGBD_Data\\\\ply\"\n",
    "directory = \"G:\\\\Universitat Siegen\\\\SA\\\\P-GPU\\\\Code\\\\gaussian-splatting\\\\data\\\\RGBD_Data\\\\SyntheticV1\\\\rgb\"\n",
    "ply_path = \"G:\\\\Universitat Siegen\\\\SA\\\\P-GPU\\\\Code\\\\gaussian-splatting\\\\data\\\\RGBD_Data\\\\ply\"\n",
    "\n",
    "# Get the list of files in the directory\n",
    "files = os.listdir(directory)\n",
    "\n",
    "# Sort the files to process depth and color images together\n",
    "files.sort()\n",
    "\n",
    "# Initialize an empty point cloud\n",
    "point_cloud = o3d.geometry.PointCloud()\n",
    "\n",
    "start_index = 0\n",
    "# ply_files = os.listdir(ply_path)\n",
    "# if len(ply_files) > 0:\n",
    "#     start_index = int(ply_files[-1].split('.')[0])\n",
    "\n",
    "frame_step = 10\n",
    "# Loop through each pair of depth and color images\n",
    "# for i in tqdm(range(1)):\n",
    "\n",
    "depth_files = [file for file in files if file.startswith(\"gt-rgb-depth-\") ]#gt-tof-depth-\") ]#\n",
    "depth_files = depth_files[50:150]\n",
    "\n",
    "print(\"Number of files:\", len(depth_files))"
   ]
  },
  {
   "cell_type": "code",
   "execution_count": 19,
   "metadata": {
    "scrolled": true
   },
   "outputs": [
    {
     "name": "stderr",
     "output_type": "stream",
     "text": [
      "  0%|          | 0/10 [00:00<?, ?it/s]"
     ]
    },
    {
     "name": "stdout",
     "output_type": "stream",
     "text": [
      "Frame: 0050\n",
      "Pose: [[-0.996195    0.00000004 -0.0871558   0.483333  ]\n",
      " [-0.0435779   0.866025    0.498097    0.916667  ]\n",
      " [ 0.0754792   0.5        -0.86273     2.44434   ]\n",
      " [ 0.          0.          0.          1.        ]]\n",
      "translation  [0.483333 0.916667 2.44434 ]\n"
     ]
    },
    {
     "name": "stderr",
     "output_type": "stream",
     "text": [
      " 10%|█         | 1/10 [00:02<00:21,  2.34s/it]"
     ]
    },
    {
     "name": "stdout",
     "output_type": "stream",
     "text": [
      "Frame: 0060\n",
      "Pose: [[-0.994522    0.00000004 -0.104529    0.48      ]\n",
      " [-0.0522642   0.866025    0.497261    0.9       ]\n",
      " [ 0.0905244   0.5        -0.861281    2.47321   ]\n",
      " [ 0.          0.          0.          1.        ]]\n",
      "translation  [0.48    0.9     2.47321]\n"
     ]
    },
    {
     "name": "stderr",
     "output_type": "stream",
     "text": [
      " 20%|██        | 2/10 [00:04<00:18,  2.31s/it]"
     ]
    },
    {
     "name": "stdout",
     "output_type": "stream",
     "text": [
      "Frame: 0070\n",
      "Pose: [[-0.992546    0.00000005 -0.121869    0.476667  ]\n",
      " [-0.0609347   0.866025    0.496273    0.883333  ]\n",
      " [ 0.105542    0.5        -0.85957     2.50207   ]\n",
      " [ 0.          0.          0.          1.        ]]\n",
      "translation  [0.476667 0.883333 2.50207 ]\n"
     ]
    },
    {
     "name": "stderr",
     "output_type": "stream",
     "text": [
      " 30%|███       | 3/10 [00:06<00:16,  2.30s/it]"
     ]
    },
    {
     "name": "stdout",
     "output_type": "stream",
     "text": [
      "Frame: 0080\n",
      "Pose: [[-0.990268    0.00000005 -0.139173    0.473333  ]\n",
      " [-0.0695866   0.866025    0.495134    0.866667  ]\n",
      " [ 0.120528    0.5        -0.857597    2.53094   ]\n",
      " [ 0.          0.          0.          1.        ]]\n",
      "translation  [0.473333 0.866667 2.53094 ]\n"
     ]
    },
    {
     "name": "stderr",
     "output_type": "stream",
     "text": [
      " 40%|████      | 4/10 [00:09<00:13,  2.30s/it]"
     ]
    },
    {
     "name": "stdout",
     "output_type": "stream",
     "text": [
      "Frame: 0090\n",
      "Pose: [[-0.987688    0.00000005 -0.156435    0.47      ]\n",
      " [-0.0782172   0.866025    0.493844    0.85      ]\n",
      " [ 0.135476    0.5        -0.855363    2.55981   ]\n",
      " [ 0.          0.          0.          1.        ]]\n",
      "translation  [0.47    0.85    2.55981]\n"
     ]
    },
    {
     "name": "stderr",
     "output_type": "stream",
     "text": [
      " 50%|█████     | 5/10 [00:11<00:11,  2.30s/it]"
     ]
    },
    {
     "name": "stdout",
     "output_type": "stream",
     "text": [
      "Frame: 0100\n",
      "Pose: [[-0.984808    0.00000004 -0.173648    0.466667  ]\n",
      " [-0.0868241   0.866025    0.492404    0.833333  ]\n",
      " [ 0.150384    0.5        -0.852868    2.58868   ]\n",
      " [ 0.          0.          0.          1.        ]]\n",
      "translation  [0.466667 0.833333 2.58868 ]\n"
     ]
    },
    {
     "name": "stderr",
     "output_type": "stream",
     "text": [
      " 60%|██████    | 6/10 [00:13<00:09,  2.28s/it]"
     ]
    },
    {
     "name": "stdout",
     "output_type": "stream",
     "text": [
      "Frame: 0110\n",
      "Pose: [[-0.981627    0.00000004 -0.190809    0.463333  ]\n",
      " [-0.0954045   0.866025    0.490814    0.816667  ]\n",
      " [ 0.165246    0.5        -0.850114    2.61754   ]\n",
      " [ 0.          0.          0.          1.        ]]\n",
      "translation  [0.463333 0.816667 2.61754 ]\n"
     ]
    },
    {
     "name": "stderr",
     "output_type": "stream",
     "text": [
      " 70%|███████   | 7/10 [00:16<00:06,  2.27s/it]"
     ]
    },
    {
     "name": "stdout",
     "output_type": "stream",
     "text": [
      "Frame: 0120\n",
      "Pose: [[-0.978148    0.00000004 -0.207912    0.46      ]\n",
      " [-0.103956    0.866025    0.489074    0.8       ]\n",
      " [ 0.180057    0.5        -0.847101    2.64641   ]\n",
      " [ 0.          0.          0.          1.        ]]\n",
      "translation  [0.46    0.8     2.64641]\n"
     ]
    },
    {
     "name": "stderr",
     "output_type": "stream",
     "text": [
      " 80%|████████  | 8/10 [00:18<00:04,  2.28s/it]"
     ]
    },
    {
     "name": "stdout",
     "output_type": "stream",
     "text": [
      "Frame: 0130\n",
      "Pose: [[-0.97437     0.00000004 -0.224951    0.449968  ]\n",
      " [-0.112476    0.866025    0.487185    0.804984  ]\n",
      " [ 0.194813    0.5        -0.843829    2.68778   ]\n",
      " [ 0.          0.          0.          1.        ]]\n",
      "translation  [0.449968 0.804984 2.68778 ]\n"
     ]
    },
    {
     "name": "stderr",
     "output_type": "stream",
     "text": [
      " 90%|█████████ | 9/10 [00:20<00:02,  2.31s/it]"
     ]
    },
    {
     "name": "stdout",
     "output_type": "stream",
     "text": [
      "Frame: 0140\n",
      "Pose: [[-0.970296    0.00000005 -0.241922    0.428333  ]\n",
      " [-0.120961    0.866025    0.485148    0.804167  ]\n",
      " [ 0.209511    0.5        -0.840301    2.7258    ]\n",
      " [ 0.          0.          0.          1.        ]]\n",
      "translation  [0.428333 0.804167 2.7258  ]\n"
     ]
    },
    {
     "name": "stderr",
     "output_type": "stream",
     "text": [
      "100%|██████████| 10/10 [00:23<00:00,  2.31s/it]\n"
     ]
    }
   ],
   "source": [
    "import copy\n",
    "\n",
    "# refPose = extrinsics['0000']\n",
    "# refPose = linalg.inv(refPose)\n",
    "\n",
    "# import matplotlib.pyplot as plt\n",
    "# %matplotlib\n",
    "\n",
    "# fig = plt.figure()\n",
    "# axs = fig.add_subplot(projection='3d')\n",
    "\n",
    "point_cloud = o3d.geometry.PointCloud()\n",
    "\n",
    "# Using Numpy to create point clouds\n",
    "#for i in tqdm(range(start_index, len(depth_files),frame_step)):\n",
    "# for i in range(start_index, len(files),frame_step):#\n",
    "count = 0\n",
    "pcds = []\n",
    "points = []\n",
    "axes = []\n",
    "# ax = o3d.geometry.TriangleMesh.create_coordinate_frame(size=15)\n",
    "# axes.append(ax)\n",
    "\n",
    "colmap = np.array([[1,0,0], [0,1,0], [0,0,1]])\n",
    "\n",
    "#for i in tqdm(range(0,99,33)):\n",
    "for i in tqdm(range(start_index, len(depth_files),frame_step)):\n",
    "    depth_file_name = depth_files[i]\n",
    "    depth_file = os.path.join(directory, depth_file_name)\n",
    "    \n",
    "    # Get the corresponding color image\n",
    "    color_file = os.path.join(directory, \"rgb-\" + depth_file_name[-8:])  # Assuming both files have corresponding indices\n",
    "    \n",
    "    frame_id = depth_file_name.split('-')[3].split('.')[0]\n",
    "\n",
    "    # Read the depth and color images\n",
    "    color_image = cv2.imread(color_file)\n",
    "    depth_image = cv2.imread(depth_file, cv2.IMREAD_ANYDEPTH)# cv2.IMREAD_UNCHANGED)#,flags=(cv2.IMREAD_GRAYSCALE | cv2.IMREAD_ANYDEPTH)).astype(np.float32)#, cv2.IMREAD_UNCHANGED)\n",
    "    \n",
    "    \n",
    "\n",
    "    # Convert images to numpy arrays\n",
    "    depth_array = np.asarray(depth_image)\n",
    "    color_array = np.asarray(color_image)\n",
    "    \n",
    "    #print(\"original depth: \", depth_array[600:610, 500:510])\n",
    "\n",
    "    width = depth_array.shape[1]\n",
    "    height = depth_array.shape[0]\n",
    "\n",
    "    # Intrinsic parameters of the camera (you may need to adjust these values)\n",
    "    cx = rgb_camera_params['cx,cy,fx,fy'][0]\n",
    "    cy = rgb_camera_params['cx,cy,fx,fy'][1]\n",
    "    fx = rgb_camera_params['cx,cy,fx,fy'][2] \n",
    "    fy = rgb_camera_params['cx,cy,fx,fy'][3]\n",
    "\n",
    "#     cx = depth_camera_params['cx,cy,fx,fy'][0]\n",
    "#     cy = depth_camera_params['cx,cy,fx,fy'][1]\n",
    "#     fx = depth_camera_params['cx,cy,fx,fy'][2] \n",
    "#     fy = depth_camera_params['cx,cy,fx,fy'][3]\n",
    "\n",
    "\n",
    "    # print(\"I:\", intrinsic.intrinsic_matrix)\n",
    "    # print(\"P:\", extrinsics[frame_id])\n",
    "\n",
    "    assert frame_id in extrinsics, \"No pose found for frame \" + frame_id\n",
    "\n",
    "    pose = extrinsics[frame_id]\n",
    "\n",
    "    print(\"Frame:\", frame_id)\n",
    "    print(\"Pose:\", pose)\n",
    "\n",
    "    # Extraction of rotation matrix (3x3 sub-matrix)\n",
    "    rotation_matrix = pose[:3, :3]\n",
    "\n",
    "    #print(rotation_matrix)\n",
    "\n",
    "    # Extraction of translation vector (last column)\n",
    "    translation_vector = pose[:3, 3]\n",
    "    \n",
    "    #!!!!!!!!!!\n",
    "    #pose[0, 3]= pose[0, 3] - 0.03\n",
    "    #!!!!!!!!\n",
    "\n",
    "    print(\"translation \", translation_vector)\n",
    "\n",
    "    # Convert depth to 3D coordinates in camera coordinates\n",
    "#     u, v = np.meshgrid(np.arange(width), np.arange(height))\n",
    "    u, v = np.meshgrid(np.arange(width), np.arange(height-1, -1, -1))\n",
    "    u = u.flatten()\n",
    "    v = v.flatten()\n",
    "\n",
    "    # Convert depth to float32 for accurate calculations\n",
    "    depth_image = depth_image.astype(np.float32)\n",
    "    #depth_image = depth_image[:,:,0].astype(np.float32)# / 255.\n",
    "    \n",
    "    #print(\"converted depth: \", depth_array[600:610, 500:510])\n",
    "    depth_scale = 1.0 / 10000.0#1000.0 # The depth scale of the Intel RealSense D435i is 0.001\n",
    "    depth = depth_image.flatten() * depth_scale\n",
    "    \n",
    "#     cx = cx + 0.5\n",
    "#     cy = cy - 0.5\n",
    "    X = ((u - cx) * depth / fx) \n",
    "    Y = ((v - cy) * depth / fy)\n",
    "    Z = -depth\n",
    "\n",
    "    \n",
    "#     X = (u - cx) / fx \n",
    "#     Y = (v - cy) / fy   \n",
    "#     prLength = np.sqrt(np.power(X, 2) + np.power(Y,2) + 1)    \n",
    "#     Z = depth / prLength\n",
    "#     X = Z * X\n",
    "#     Y = Z * Y\n",
    "    \n",
    "     \n",
    "#     print(\"u \", u[900], \" cx \", cx, \" u shifted \", u[900] - cx, \" fx \", fx, \" X 2d \",\\\n",
    "#           (u[900] - cx) / fx,\\\n",
    "#          \" depth \", depth[1920*540+900], \" X \", (u[900] - cx) * depth[1920*540+900] / fx)\n",
    "    #print(\"x: \", X[:5])\n",
    "\n",
    "    # Stack the 3D coordinates\n",
    "    points_camera = np.vstack((X, Y, Z, np.ones_like(X)))\n",
    "\n",
    "    if False:\n",
    "        # Extract the transformed X, Y, Z coordinates\n",
    "        X_local = points_camera[0, :]\n",
    "        Y_local = points_camera[1, :]\n",
    "        Z_local = points_camera[2, :]\n",
    "        # Stack the global coordinates\n",
    "        point_cloud_local = np.vstack((X_local, Y_local, Z_local)).T\n",
    "        pcd = o3d.geometry.PointCloud()\n",
    "        pcd.points = o3d.utility.Vector3dVector(point_cloud_local)\n",
    "        pcd.transform([[1, 0, 0, 0],[0, -1, 0, 0],[0, 0, -1, 0],[0, 0, 0, 1]])\n",
    "        point_cloud += pcd\n",
    "\n",
    "        \n",
    "    #*******\n",
    "    ax = o3d.geometry.TriangleMesh.create_coordinate_frame(size=2)\n",
    "    pcds.append(copy.deepcopy(ax).transform(pose))\n",
    "    ax = None\n",
    "    #*********\n",
    "    \n",
    "    \n",
    "    # Transform to global coordinates\n",
    "    #print(pose)\n",
    "    #points_global = np.dot(np.dot(refPose,pose), points_camera)\n",
    "    \n",
    "    points_global = np.dot(pose, points_camera)  \n",
    "    \n",
    "    #points_global = copy.deepcopy(points_camera)#np.dot(extrinsics['0000'], points_camera) \n",
    "    #print(\"shape \", np.shape(points_global))\n",
    "    \n",
    "\n",
    "    \n",
    "    #points_global = points_camera\n",
    "    # Extract the transformed X, Y, Z coordinates\n",
    "    X_global = points_global[0, :]\n",
    "    Y_global = points_global[1, :]\n",
    "    Z_global = points_global[2, :]\n",
    "    # Stack the global coordinates\n",
    "    point_cloud_global = np.vstack((X_global, Y_global, Z_global)).T\n",
    "    \n",
    "#     startInd = 150000\n",
    "#     endInd = 155000\n",
    "#     if count==0:\n",
    "#         img = axs.scatter(point_cloud_global[startInd:endInd,0], point_cloud_global[startInd:endInd,1],\\\n",
    "#                           point_cloud_global[startInd:endInd,2], c='r')\n",
    "#     else:\n",
    "#         img = axs.scatter(point_cloud_global[startInd:endInd,0], point_cloud_global[startInd:endInd,1],\\\n",
    "#                           point_cloud_global[startInd:endInd,2], c='b')\n",
    "    \n",
    "    #points.append(point_cloud_global)\n",
    "\n",
    "    # Create an Open3D PointCloud\n",
    "    pcd = o3d.geometry.PointCloud()\n",
    "    # Set the points in the PointCloud\n",
    "    pcd.points = o3d.utility.Vector3dVector(point_cloud_global)\n",
    "\n",
    "    # Flip the point cloud\n",
    "    #pcd.transform([[1, 0, 0, 0],[0, -1, 0, 0],[0, 0, -1, 0],[0, 0, 0, 1]])\n",
    "\n",
    "    rgb_values = color_array.reshape((-1, 3)) / 255.0\n",
    "    pcd.colors = o3d.utility.Vector3dVector(rgb_values)\n",
    "    \n",
    "#     rgb_values = np.ones((np.shape(point_cloud_global)[0], 3))\n",
    "#     rgb_values = rgb_values * colmap[count%3]\n",
    "#     pcd.colors = o3d.utility.Vector3dVector(rgb_values)\n",
    "    \n",
    "    # Merge current point cloud with the overall point cloud\n",
    " \n",
    "    #point_cloud += pcd\n",
    "    pcds.append(pcd)\n",
    "    \n",
    "   \n",
    "    \n",
    "\n",
    "    # Clear memory\n",
    "    depth_image = None\n",
    "    color_image = None\n",
    "    depth_array = None\n",
    "    color_array = None\n",
    "    pcd = None\n",
    "    count = count + 1\n",
    "\n",
    "\n",
    "# Create an Open3D mesh representing coordinate axes\n",
    "#axes = o3d.geometry.TriangleMesh.create_coordinate_frame(size=10, origin=[0, 0, 0])\n",
    "\n",
    "# Visualize the final point cloud\n",
    "o3d.visualization.draw_geometries(pcds)#[point_cloud, pcd, axes])\n",
    "\n",
    "#plt.show()"
   ]
  },
  {
   "cell_type": "code",
   "execution_count": 9,
   "metadata": {},
   "outputs": [],
   "source": [
    "from scipy.spatial.transform import Rotation as R"
   ]
  },
  {
   "cell_type": "code",
   "execution_count": 10,
   "metadata": {},
   "outputs": [
    {
     "data": {
      "text/plain": [
       "array([[-0.99999391,  0.00000005, -0.00349073],\n",
       "       [-0.00174533,  0.86602497,  0.4999977 ],\n",
       "       [ 0.00302308,  0.50000074, -0.8660197 ]])"
      ]
     },
     "execution_count": 10,
     "metadata": {},
     "output_type": "execute_result"
    }
   ],
   "source": [
    "r = R.from_quat([-0.000451713,0.965924,0.258819,-0.0016859])\n",
    "r.as_matrix()"
   ]
  },
  {
   "cell_type": "code",
   "execution_count": 11,
   "metadata": {},
   "outputs": [
    {
     "data": {
      "text/plain": [
       "array([[-0.99999391,  0.00000005, -0.00349073],\n",
       "       [-0.00174533,  0.86602497,  0.4999977 ],\n",
       "       [ 0.00302308,  0.50000074, -0.8660197 ]])"
      ]
     },
     "execution_count": 11,
     "metadata": {},
     "output_type": "execute_result"
    }
   ],
   "source": [
    "r = R.from_quat([-0.000451713,0.965924,0.258819,-0.0016859])\n",
    "r.as_matrix()"
   ]
  },
  {
   "cell_type": "code",
   "execution_count": 12,
   "metadata": {},
   "outputs": [
    {
     "data": {
      "text/plain": [
       "0.9999996453978421"
      ]
     },
     "execution_count": 12,
     "metadata": {},
     "output_type": "execute_result"
    }
   ],
   "source": [
    "from numpy import linalg\n",
    "v = np.array([0.965924,0.258819,-0.0016859])\n",
    "linalg.norm(v)"
   ]
  },
  {
   "cell_type": "code",
   "execution_count": 13,
   "metadata": {},
   "outputs": [
    {
     "data": {
      "text/plain": [
       "{'0000': array([[-1.        ,  0.00000004, -0.00000008,  0.5       ],\n",
       "        [-0.        ,  0.866025  ,  0.5       ,  1.        ],\n",
       "        [ 0.00000009,  0.5       , -0.866025  ,  2.3       ],\n",
       "        [ 0.        ,  0.        ,  0.        ,  1.        ]]),\n",
       " '0001': array([[-0.999999  ,  0.00000004, -0.0017454 ,  0.499667  ],\n",
       "        [-0.00087266,  0.866025  ,  0.499999  ,  0.998333  ],\n",
       "        [ 0.00151159,  0.5       , -0.866024  ,  2.30289   ],\n",
       "        [ 0.        ,  0.        ,  0.        ,  1.        ]]),\n",
       " '0002': array([[-0.999994  ,  0.00000004, -0.00349073,  0.499333  ],\n",
       "        [-0.00174533,  0.866025  ,  0.499997  ,  0.996667  ],\n",
       "        [ 0.00302308,  0.5       , -0.86602   ,  2.30577   ],\n",
       "        [ 0.        ,  0.        ,  0.        ,  1.        ]]),\n",
       " '0003': array([[-0.999986  ,  0.00000004, -0.00523604,  0.499     ],\n",
       "        [-0.00261798,  0.866025  ,  0.499993  ,  0.995     ],\n",
       "        [ 0.00453457,  0.5       , -0.866014  ,  2.30866   ],\n",
       "        [ 0.        ,  0.        ,  0.        ,  1.        ]]),\n",
       " '0004': array([[-0.999976  ,  0.00000004, -0.00698134,  0.498667  ],\n",
       "        [-0.00349063,  0.866025  ,  0.499988  ,  0.993333  ],\n",
       "        [ 0.00604604,  0.5       , -0.866004  ,  2.31155   ],\n",
       "        [ 0.        ,  0.        ,  0.        ,  1.        ]]),\n",
       " '0005': array([[-0.999962  ,  0.00000004, -0.00872661,  0.498333  ],\n",
       "        [-0.00436327,  0.866025  ,  0.499981  ,  0.991667  ],\n",
       "        [ 0.00755749,  0.5       , -0.865992  ,  2.31443   ],\n",
       "        [ 0.        ,  0.        ,  0.        ,  1.        ]]),\n",
       " '0006': array([[-0.999945  ,  0.00000004, -0.0104719 ,  0.498     ],\n",
       "        [-0.00523589,  0.866025  ,  0.499973  ,  0.99      ],\n",
       "        [ 0.00906892,  0.5       , -0.865978  ,  2.31732   ],\n",
       "        [ 0.        ,  0.        ,  0.        ,  1.        ]]),\n",
       " '0007': array([[-0.999925  ,  0.00000004, -0.0122171 ,  0.497667  ],\n",
       "        [-0.0061085 ,  0.866025  ,  0.499963  ,  0.988333  ],\n",
       "        [ 0.0105803 ,  0.5       , -0.865961  ,  2.32021   ],\n",
       "        [ 0.        ,  0.        ,  0.        ,  1.        ]]),\n",
       " '0008': array([[-0.999902  ,  0.00000004, -0.0139623 ,  0.497333  ],\n",
       "        [-0.00698109,  0.866025  ,  0.499951  ,  0.986667  ],\n",
       "        [ 0.0120917 ,  0.5       , -0.865941  ,  2.32309   ],\n",
       "        [ 0.        ,  0.        ,  0.        ,  1.        ]]),\n",
       " '0009': array([[-0.999877  ,  0.00000004, -0.0157074 ,  0.497     ],\n",
       "        [-0.00785366,  0.866025  ,  0.499938  ,  0.985     ],\n",
       "        [ 0.013603  ,  0.5       , -0.865919  ,  2.32598   ],\n",
       "        [ 0.        ,  0.        ,  0.        ,  1.        ]]),\n",
       " '0010': array([[-0.999848  ,  0.00000004, -0.0174525 ,  0.496667  ],\n",
       "        [-0.0087262 ,  0.866025  ,  0.499924  ,  0.983333  ],\n",
       "        [ 0.0151143 ,  0.5       , -0.865893  ,  2.32887   ],\n",
       "        [ 0.        ,  0.        ,  0.        ,  1.        ]]),\n",
       " '0011': array([[-0.999816  ,  0.00000004, -0.0191975 ,  0.496333  ],\n",
       "        [-0.00959872,  0.866025  ,  0.499908  ,  0.981667  ],\n",
       "        [ 0.0166256 ,  0.5       , -0.865866  ,  2.33175   ],\n",
       "        [ 0.        ,  0.        ,  0.        ,  1.        ]]),\n",
       " '0012': array([[-0.999781  ,  0.00000004, -0.0209425 ,  0.496     ],\n",
       "        [-0.0104712 ,  0.866025  ,  0.49989   ,  0.98      ],\n",
       "        [ 0.0181368 ,  0.5       , -0.865835  ,  2.33464   ],\n",
       "        [ 0.        ,  0.        ,  0.        ,  1.        ]]),\n",
       " '0013': array([[-0.999743  ,  0.00000004, -0.0226874 ,  0.495667  ],\n",
       "        [-0.0113437 ,  0.866025  ,  0.499871  ,  0.978333  ],\n",
       "        [ 0.0196479 ,  0.5       , -0.865802  ,  2.33753   ],\n",
       "        [ 0.        ,  0.        ,  0.        ,  1.        ]]),\n",
       " '0014': array([[-0.999702  ,  0.00000004, -0.0244323 ,  0.495333  ],\n",
       "        [-0.0122161 ,  0.866025  ,  0.499851  ,  0.976667  ],\n",
       "        [ 0.021159  ,  0.5       , -0.865767  ,  2.34041   ],\n",
       "        [ 0.        ,  0.        ,  0.        ,  1.        ]]),\n",
       " '0015': array([[-0.999657  ,  0.00000004, -0.026177  ,  0.495     ],\n",
       "        [-0.0130885 ,  0.866025  ,  0.499829  ,  0.975     ],\n",
       "        [ 0.02267   ,  0.5       , -0.865729  ,  2.3433    ],\n",
       "        [ 0.        ,  0.        ,  0.        ,  1.        ]]),\n",
       " '0016': array([[-0.99961   ,  0.00000004, -0.0279217 ,  0.494667  ],\n",
       "        [-0.0139608 ,  0.866025  ,  0.499805  ,  0.973333  ],\n",
       "        [ 0.0241809 ,  0.5       , -0.865688  ,  2.34619   ],\n",
       "        [ 0.        ,  0.        ,  0.        ,  1.        ]]),\n",
       " '0017': array([[-0.99956   ,  0.00000004, -0.0296663 ,  0.494333  ],\n",
       "        [-0.0148331 ,  0.866025  ,  0.49978   ,  0.971667  ],\n",
       "        [ 0.0256918 ,  0.5       , -0.865644  ,  2.34907   ],\n",
       "        [ 0.        ,  0.        ,  0.        ,  1.        ]]),\n",
       " '0018': array([[-0.999507  ,  0.00000004, -0.0314108 ,  0.494     ],\n",
       "        [-0.0157054 ,  0.866025  ,  0.499753  ,  0.97      ],\n",
       "        [ 0.0272026 ,  0.5       , -0.865598  ,  2.35196   ],\n",
       "        [ 0.        ,  0.        ,  0.        ,  1.        ]]),\n",
       " '0019': array([[-0.99945   ,  0.00000004, -0.0331553 ,  0.493667  ],\n",
       "        [-0.0165776 ,  0.866025  ,  0.499725  ,  0.968333  ],\n",
       "        [ 0.0287133 ,  0.5       , -0.865549  ,  2.35485   ],\n",
       "        [ 0.        ,  0.        ,  0.        ,  1.        ]]),\n",
       " '0020': array([[-0.999391  ,  0.00000004, -0.0348996 ,  0.493333  ],\n",
       "        [-0.0174497 ,  0.866025  ,  0.499695  ,  0.966667  ],\n",
       "        [ 0.0302239 ,  0.5       , -0.865498  ,  2.35773   ],\n",
       "        [ 0.        ,  0.        ,  0.        ,  1.        ]]),\n",
       " '0021': array([[-0.999328  ,  0.00000004, -0.0366438 ,  0.493     ],\n",
       "        [-0.0183219 ,  0.866025  ,  0.499664  ,  0.965     ],\n",
       "        [ 0.0317345 ,  0.5       , -0.865444  ,  2.36062   ],\n",
       "        [ 0.        ,  0.        ,  0.        ,  1.        ]]),\n",
       " '0022': array([[-0.999263  ,  0.00000004, -0.0383879 ,  0.492667  ],\n",
       "        [-0.0191939 ,  0.866025  ,  0.499631  ,  0.963333  ],\n",
       "        [ 0.0332449 ,  0.5       , -0.865387  ,  2.36351   ],\n",
       "        [ 0.        ,  0.        ,  0.        ,  1.        ]]),\n",
       " '0023': array([[-0.999194  ,  0.00000004, -0.0401319 ,  0.492333  ],\n",
       "        [-0.0200659 ,  0.866025  ,  0.499597  ,  0.961667  ],\n",
       "        [ 0.0347552 ,  0.5       , -0.865328  ,  2.3664    ],\n",
       "        [ 0.        ,  0.        ,  0.        ,  1.        ]]),\n",
       " '0024': array([[-0.999123  ,  0.00000004, -0.0418757 ,  0.492     ],\n",
       "        [-0.0209378 ,  0.866025  ,  0.499561  ,  0.96      ],\n",
       "        [ 0.0362655 ,  0.5       , -0.865265  ,  2.36928   ],\n",
       "        [ 0.        ,  0.        ,  0.        ,  1.        ]]),\n",
       " '0025': array([[-0.999048  ,  0.00000004, -0.0436195 ,  0.491667  ],\n",
       "        [-0.0218097 ,  0.866025  ,  0.499524  ,  0.958333  ],\n",
       "        [ 0.0377756 ,  0.5       , -0.865201  ,  2.37217   ],\n",
       "        [ 0.        ,  0.        ,  0.        ,  1.        ]]),\n",
       " '0026': array([[-0.998971  ,  0.00000004, -0.0453631 ,  0.491333  ],\n",
       "        [-0.0226815 ,  0.866025  ,  0.499485  ,  0.956667  ],\n",
       "        [ 0.0392856 ,  0.5       , -0.865134  ,  2.37506   ],\n",
       "        [ 0.        ,  0.        ,  0.        ,  1.        ]]),\n",
       " '0027': array([[-0.99889   ,  0.00000004, -0.0471065 ,  0.491     ],\n",
       "        [-0.0235532 ,  0.866025  ,  0.499445  ,  0.955     ],\n",
       "        [ 0.0407955 ,  0.5       , -0.865064  ,  2.37794   ],\n",
       "        [ 0.        ,  0.        ,  0.        ,  1.        ]]),\n",
       " '0028': array([[-0.998806  ,  0.00000004, -0.0488498 ,  0.490667  ],\n",
       "        [-0.0244249 ,  0.866025  ,  0.499403  ,  0.953333  ],\n",
       "        [ 0.0423052 ,  0.5       , -0.864992  ,  2.38083   ],\n",
       "        [ 0.        ,  0.        ,  0.        ,  1.        ]]),\n",
       " '0029': array([[-0.998719  ,  0.00000004, -0.050593  ,  0.490333  ],\n",
       "        [-0.0252965 ,  0.866025  ,  0.49936   ,  0.951667  ],\n",
       "        [ 0.0438149 ,  0.5       , -0.864916  ,  2.38372   ],\n",
       "        [ 0.        ,  0.        ,  0.        ,  1.        ]]),\n",
       " '0030': array([[-0.998629  ,  0.00000004, -0.052336  ,  0.49      ],\n",
       "        [-0.026168  ,  0.866025  ,  0.499315  ,  0.95      ],\n",
       "        [ 0.0453244 ,  0.5       , -0.864838  ,  2.3866    ],\n",
       "        [ 0.        ,  0.        ,  0.        ,  1.        ]]),\n",
       " '0031': array([[-0.998536  ,  0.00000004, -0.0540789 ,  0.489667  ],\n",
       "        [-0.0270394 ,  0.866025  ,  0.499268  ,  0.948333  ],\n",
       "        [ 0.0468337 ,  0.5       , -0.864758  ,  2.38949   ],\n",
       "        [ 0.        ,  0.        ,  0.        ,  1.        ]]),\n",
       " '0032': array([[-0.998441  ,  0.00000004, -0.0558216 ,  0.489333  ],\n",
       "        [-0.0279108 ,  0.866025  ,  0.49922   ,  0.946667  ],\n",
       "        [ 0.0483429 ,  0.5       , -0.864675  ,  2.39238   ],\n",
       "        [ 0.        ,  0.        ,  0.        ,  1.        ]]),\n",
       " '0033': array([[-0.998342  ,  0.00000004, -0.0575641 ,  0.489     ],\n",
       "        [-0.028782  ,  0.866025  ,  0.499171  ,  0.945     ],\n",
       "        [ 0.049852  ,  0.5       , -0.864589  ,  2.39526   ],\n",
       "        [ 0.        ,  0.        ,  0.        ,  1.        ]]),\n",
       " '0034': array([[-0.99824   ,  0.00000004, -0.0593064 ,  0.488667  ],\n",
       "        [-0.0296532 ,  0.866025  ,  0.49912   ,  0.943333  ],\n",
       "        [ 0.0513609 ,  0.5       , -0.864501  ,  2.39815   ],\n",
       "        [ 0.        ,  0.        ,  0.        ,  1.        ]]),\n",
       " '0035': array([[-0.998135  ,  0.00000004, -0.0610486 ,  0.488333  ],\n",
       "        [-0.0305243 ,  0.866025  ,  0.499067  ,  0.941667  ],\n",
       "        [ 0.0528697 ,  0.5       , -0.86441   ,  2.40104   ],\n",
       "        [ 0.        ,  0.        ,  0.        ,  1.        ]]),\n",
       " '0036': array([[-0.998026  ,  0.00000004, -0.0627906 ,  0.488     ],\n",
       "        [-0.0313953 ,  0.866025  ,  0.499013  ,  0.94      ],\n",
       "        [ 0.0543783 ,  0.5       , -0.864316  ,  2.40392   ],\n",
       "        [ 0.        ,  0.        ,  0.        ,  1.        ]]),\n",
       " '0037': array([[-0.997916  ,  0.00000004, -0.0645324 ,  0.487667  ],\n",
       "        [-0.0322662 ,  0.866025  ,  0.498958  ,  0.938333  ],\n",
       "        [ 0.0558867 ,  0.5       , -0.86422   ,  2.40681   ],\n",
       "        [ 0.        ,  0.        ,  0.        ,  1.        ]]),\n",
       " '0038': array([[-0.997801  ,  0.00000004, -0.066274  ,  0.487333  ],\n",
       "        [-0.033137  ,  0.866025  ,  0.498901  ,  0.936667  ],\n",
       "        [ 0.057395  ,  0.5       , -0.864121  ,  2.4097    ],\n",
       "        [ 0.        ,  0.        ,  0.        ,  1.        ]]),\n",
       " '0039': array([[-0.997684  ,  0.00000004, -0.0680154 ,  0.487     ],\n",
       "        [-0.0340076 ,  0.866025  ,  0.498842  ,  0.935     ],\n",
       "        [ 0.058903  ,  0.5       , -0.86402   ,  2.41258   ],\n",
       "        [ 0.        ,  0.        ,  0.        ,  1.        ]]),\n",
       " '0040': array([[-0.997564  ,  0.00000004, -0.0697565 ,  0.486667  ],\n",
       "        [-0.0348782 ,  0.866025  ,  0.498782  ,  0.933333  ],\n",
       "        [ 0.060411  ,  0.5       , -0.863916  ,  2.41547   ],\n",
       "        [ 0.        ,  0.        ,  0.        ,  1.        ]]),\n",
       " '0041': array([[-0.997441  ,  0.00000004, -0.0714975 ,  0.486333  ],\n",
       "        [-0.0357487 ,  0.866025  ,  0.49872   ,  0.931667  ],\n",
       "        [ 0.0619187 ,  0.5       , -0.863809  ,  2.41836   ],\n",
       "        [ 0.        ,  0.        ,  0.        ,  1.        ]]),\n",
       " '0042': array([[-0.997314  ,  0.00000004, -0.0732383 ,  0.486     ],\n",
